-1.70064115579884	-2.41642989520692	-2.51315179135885	4.59786488401677	4.90030189219812	-9.02347992986074	-2.97878209257177	6.14874291792756	0.347733184646338	2.6576188595954
0.440584469059713	0.184102388223163	0.583876842464618	-1.73404317702089	-0.0976102968050105	-0.927049578140255	1.46302435664442	-0.664997589168758	-0.0213092984125616	0.794326232766572
-36.8189792543532	-23.8327569923691	-37.4646591615458	73.2259107703517	52.9848762621468	-103.266466023072	0.871194129050501	92.9375816835605	3.12742321904317	-21.8451818836391
-0.0560056508099761	0.265628797386363	-0.820920731667388	-0.155574727019171	0.729688614931178	0.5841175056001	-0.323902724740418	-0.950742239333935	-0.0347048176585546	0.775192629199473
-24.6626483385753	-5.89368142053925	-2.30819579119635	51.9536465387311	21.3970426038188	-62.7862278673659	-8.21805138731379	39.6012537742549	0.522936125442228	-9.66047353376345
-0.230764561011267	-0.00911114782821666	-1.48582951674612	0.80110560093644	0.0164257117186577	0.799614369116522	0.215987038818485	0.0607057604002096	0.00236190976377276	-0.160206228878226
3.03533107668901	7.66603679510939	-5.31330562820616	-12.7989171040764	-4.92869918163639	29.3016326997575	4.16462679805939	-18.5463062149743	-0.874387211373552	-1.40381161687331
10.7422246202484	-4.81283603623113	-12.66094412091	17.7408906266385	-33.3261946440876	30.1285495946007	-15.3038435679176	-0.890483754860087	1.02853041425	7.5208170566175
-0.889769885058565	-1.86117851805366	-0.994518678898284	2.62231091218371	3.33216932682701	-7.94844196681852	-1.75997544184704	4.5907408714188	0.268519723184083	2.66397822909839
-3.07916869771593	-9.52875095577964	-29.9159861873974	33.9193391271882	0.611509199924903	-16.6427101805339	-6.58720205297298	31.995253175617	1.4634928555536	-2.10334634247036
30.1839483297457	23.1953361836426	45.0364839383397	-93.1824300222651	-29.6137039640435	73.1155453157898	18.5670161432102	-81.2115177326041	-2.88414304379814	17.0679248266196
-0.101117671031239	0.140648177252908	-0.0258139780601029	0.760536224636556	-0.757039851517117	0.36791903365126	-0.146357703588699	-0.388367769126221	-0.0194094278005879	0.190729171309437
-1.75906502626396	-9.18615209756024	-40.8862759753863	37.6371137846522	-8.96177028487189	8.67452061941061	-4.8849406701672	29.6307224940826	1.54529280081474	-11.7027858823787
25.4824894833301	5.92057916395367	14.3774427638019	-42.3693791525261	-29.614439285691	64.0658242228083	-14.3685110950455	-40.2362836076738	-0.264101071476005	17.4507619204547
-10.4144066872211	-24.3523440052662	-32.6077333544351	44.164791591147	3.76752552181869	-48.2097040746021	-1.75451053723869	63.3760694321075	3.51613231758119	2.87524691377664
14.8346494589035	24.683241794112	42.5475741660076	-57.8102371567057	-16.9113251543004	37.8621299843671	17.3507546013352	-66.8295374532021	-3.15069391690649	7.4105704782292
6.46168296690246	13.7180764390224	30.6706055982257	-50.7137029957908	-3.40014720686398	14.2402010461514	25.022543700217	-38.2420531950899	-1.94020611324904	4.91328191789708
-0.0453527302388878	-0.401502234584042	-0.886305507670802	-0.268129009086282	2.44514512469631	-4.41173860623665	-0.58414937177225	-0.283198544065882	0.0753202248180239	4.37826361073753
1.13191835196955	1.34640281580582	4.91646989412182	-2.31087611573797	-14.7215620086914	-10.0165240164659	11.4118991473307	-7.17785331852398	0.183643703794131	15.6015044606314
-1.71740622148392	-1.70943236897911	-2.63507322966147	4.72362269535502	4.92122053299596	-9.126076101729	-3.05010628137747	6.58891380617449	0.323602887712781	2.70060748316625
0.423819403374661	0.891099914450995	0.461955404162068	-1.6082853656826	-0.0766916560073193	-1.02964575000871	1.39170016783876	-0.224826700922009	-0.0454395953461204	0.837314856337752
-36.8357443200382	-23.1257594661411	-37.5865805998482	73.3516685816899	53.0057949029443	-103.36906219494	0.799869940244534	93.3777525718069	3.10329292210959	-21.802193260068
-0.0727707164950208	0.972626323614194	-0.942842169970136	-0.0298169156810115	0.750607255729068	0.48152133373162	-0.395226913545971	-0.510571351087203	-0.0588351145921134	0.818181252770711
-24.6794134042603	-5.18668389431141	-2.430117229499	52.0794043500692	21.417961244617	-62.8888240392343	-8.28937557611969	40.0414246625017	0.498805828508668	-9.61748491019225
-0.247529626696336	0.697886378399592	-1.60775095504893	0.926863412274595	0.0373443525165162	0.697018197248012	0.144662850013124	0.500876648647078	-0.0217683871697838	-0.117217605307148
3.01856601100394	8.37303432133721	-5.43522706650884	-12.6731592927382	-4.90778054083849	29.1990365278892	4.09330260925372	-18.1061353267275	-0.89851750830711	-1.36082299330229
10.7254595545634	-4.10583851000331	-12.7828655592122	17.8666484379765	-33.3052760032898	30.0259534227322	-15.3751677567235	-0.450312866613249	1.00440011731644	7.5638056801885
-0.906534950743663	-1.15418099182587	-1.11644011720102	2.74806872352207	3.35308796762476	-8.05103813868691	-1.83129963065258	5.03091175966577	0.244389426250529	2.7069668526693
-3.09593376340092	-8.82175342955183	-30.0379076257001	34.0450969385261	0.632427840722966	-16.7453063524024	-6.65852624177844	32.4354240638638	1.43936255862004	-2.0603577188992
30.1671832640606	23.9023337098705	44.9145625000367	-93.0566722109267	-29.5927853232457	73.0129491439216	18.4956919544046	-80.7713468443575	-2.9082733407317	17.1109134501908
-0.117882736716307	0.847645703480751	-0.147735416362687	0.886294035974803	-0.736121210719223	0.265322861783011	-0.217681892394559	0.0518031191205377	-0.0435397247341488	0.233717794880482
-1.77583009194897	-8.47915457133241	-41.008197413689	37.7628715959903	-8.94085164407398	8.5719244475424	-4.95626485897292	30.0708933823295	1.52116250388118	-11.6597972588078
25.465724417645	6.6275766901815	14.2555213254995	-42.243621341188	-29.5935206448928	63.9632280509397	-14.4398352838513	-39.796112719427	-0.288231368409565	17.4937505440259
-10.4311717529063	-23.6453464790384	-32.7296547927378	44.2905494024854	3.78844416261646	-48.3123002464707	-1.82583472604426	63.8162403203545	3.49200202064764	2.91823553734765
14.8178843932186	25.3902393203399	42.4256527277054	-57.6844793453676	-16.8904065135029	37.7595338124988	17.2794304125294	-66.3893665649554	-3.17482421384006	7.45355910180017
6.44491790121739	14.4250739652502	30.5486841599232	-50.5879451844525	-3.37922856606629	14.1376048742831	24.9512195114113	-37.801882306843	-1.9643364101826	4.95627054146788
-0.0621177959239236	0.305495291643802	-1.00822694597333	-0.142371197748148	2.46606376549418	-4.51433477810496	-0.655473560578	0.156972344180893	0.0511899278844625	4.42125223430855
1.11515328628449	2.05340034203359	4.7945484558191	-2.18511830439992	-14.7006433678935	-10.1191201883346	11.3405749585254	-6.73768243027699	0.159513406860579	15.6444930842024
