-35.710778500369	43.8947308804184	20.4046172803181	-67.0767899759193	32.2735983945452	26.2936832920688	0.725894701119663	-4.54939942443221	7.66164396237632	-24.0125093890329
33.67546516768	-16.4019861598394	-10.3237419585607	45.9958450784757	2.4857937938378	-20.2741447966195	-0.409410166032708	-26.3073595728089	-22.7763909016923	14.4183801967288
-92.5104566350987	40.323381576939	82.4375032245362	-128.951236247972	44.149076692217	-8.67117519193958	3.64869755646841	32.3110378739901	59.6334617424024	-32.3454067324492
26.3447456295405	-21.8365754685597	-8.95042090901143	37.6298604811122	-1.64802907049463	-21.0361496043898	-0.0728970127753166	-11.0461326853977	-10.3839567073504	11.0607108434425
-26.395303290143	1.51374284039699	23.2024852473345	-33.1512659699499	9.14167857448771	-11.2113252790643	1.21188835539624	19.5938756893261	22.6055850254468	-6.44807882341468
24.8453490521292	-3.48149977206779	-17.7824361013287	47.7816432078159	-10.7331590338257	-17.0226124454927	-0.285828233552389	-24.2947619000694	-12.7918159642927	13.836694642615
-12.5278888926932	3.37184116785969	-25.0095059350342	5.14413858628203	30.7628215142103	-21.314795873908	0.175883399187775	31.6990816889176	-7.77616539621302	-4.24768399714149
-3.51849539970559	-9.71899551855585	35.135734001735	-34.7934043336349	33.9277663047014	-43.7571633624354	0.553483748424306	-2.08768788405901	33.3096182585689	-8.96807722597673
-18.1460793638696	5.92595372256731	25.7364507827564	-62.1754158026058	11.5098007819874	13.9377407143181	0.555946592300819	10.3163759994513	37.3333228801588	-25.0853129819081
-55.4913619932975	7.35250528322087	63.5316001495923	-55.2641935285956	1.65071929015988	-38.9910389814569	2.90272731234841	23.6118617533999	49.3863042481645	1.55070799461394
38.27781028562	-11.2172885811989	-36.8900499706661	67.3646950468006	-21.8289096996941	-1.8288352478139	-1.47218156080327	-19.642892121172	-25.1776683045665	12.6528735979943
7.61561292324505	-2.14575673772764	-7.27066399473417	27.0193112633674	-3.69848907325732	-11.3012661028437	0.48132893658837	-9.22368532011653	-10.9819650241728	9.57641353235897
-38.0522735534027	28.1957431206649	28.8918286591259	-51.5716195279457	6.16016773043747	0.448894614031466	0.806242999143224	8.73358300133836	22.1524156957753	-5.68657960021675
109.728520073325	-56.8944688178739	-78.6582799071432	158.638463786247	-62.9527678341632	-5.80028735025046	-3.56271503065883	-42.6785344250594	-62.9469218207871	45.573974624071
-22.5555359595589	15.3553380849477	-11.9378225532013	-9.32650166899619	-15.4390459177552	26.3154228684962	0.607842955477143	23.398751309545	-2.72881725726536	-3.39358420998199
0.151065636012863	-1.60135237924424	1.66921855709866	-1.33789897881232	0.131172932298669	-1.47453760128552	0.0296281814556938	0.582318837706084	2.46984964294975	-0.606551593404299
7.80125049050668	9.41102723684047	-18.0814877305308	10.2828382009713	-0.103609818628337	28.8249830942988	-0.664213559243079	-8.52384856091209	-21.3603380083899	-6.90111697665382
66.9222527038845	-32.0585971583939	-40.3299887810649	72.4630589464675	-16.8288825099063	-8.94493875665743	-2.22972607837755	-30.0566331358682	-24.6557988513789	15.7501875059667
-6.88604963563559	12.0057415688201	4.82432844335243	-8.50705826369991	4.28909399109304	7.85857056160648	0.23694605202181	-4.47230802484837	-5.19274173936405	-3.80022407287355
-35.1046889796423	44.2002099280315	20.3542651319749	-67.1222000809009	32.3067332290161	26.3261981680899	0.726786310154248	-4.39366743992824	7.63267912736174	-24.0216978254168
34.2815546884068	-16.0965071122261	-10.3740941069041	45.9504349734943	2.51892862830878	-20.2416299205988	-0.408518556998129	-26.151627588305	-22.8053557367067	14.409191760345
-91.9043671143713	40.6288606245511	82.3871510761932	-128.996646352954	44.1822115266881	-8.63866031591889	3.64958916550298	32.4667698584943	59.6044969073879	-32.354595168833
26.9508351502675	-21.5310964209468	-9.00077305735463	37.5844503761307	-1.61489423602363	-21.0036347283691	-0.0720054037407387	-10.8904007008937	-10.4129215423647	11.0515224070586
-25.7892137694162	1.81922188801015	23.1521330989912	-33.1966760749313	9.17481340895858	-11.1788104030434	1.21277996443082	19.74960767383	22.5766201904324	-6.45726725979855
25.4514385728561	-3.17602072445483	-17.832788249672	47.7362331028344	-10.7000241993549	-16.9900975694719	-0.284936624517808	-24.1390299155654	-12.8207807993069	13.8275062062311
-11.9217993719663	3.67732021547257	-25.0598580833774	5.09872848130043	30.7959563486811	-21.282280997887	0.176775008222356	31.8548136734216	-7.80513023122737	-4.25687243352539
-2.91240587897889	-9.41351647094244	35.0853818533916	-34.8388144386164	33.9609011391722	-43.7246484864144	0.554375357458888	-1.93195589955515	33.2806534235545	-8.97726566236062
-17.5399898431428	6.23143277018039	25.686098634413	-62.2208259075873	11.5429356164584	13.9702555903391	0.556838201335398	10.4721079839553	37.3043580451441	-25.0945014182919
-54.8852724725702	7.65798433083301	63.481248001249	-55.309603633577	1.68385412463068	-38.9585241054359	2.90361892138298	23.7675937379042	49.35733941315	1.54151955823005
38.8838998063465	-10.9118095335853	-36.9404021190098	67.3192849418192	-21.7957748652232	-1.796320371793	-1.47128995176869	-19.4871601366678	-25.206633139581	12.6436851616104
8.221702443972	-1.84027769011452	-7.32101614307747	26.973901158386	-3.66535423878664	-11.2687512268226	0.482220545622945	-9.06795333561276	-11.0109298591873	9.56722509597511
-37.4461840326755	28.5012221682774	28.8414765107831	-51.6170296329274	6.19330256490839	0.481409490052254	0.807134608177804	8.88931498584212	22.123450860761	-5.69576803660066
110.334609594052	-56.5889897702597	-78.7086320554874	158.593053681266	-62.9196329996925	-5.76777247422938	-3.56182342162426	-42.5228024405554	-62.9758866558017	45.5647861876872
-21.9494464388319	15.6608171325604	-11.9881747015444	-9.37191177397779	-15.4059110832843	26.347937744517	0.608734564511722	23.5544832940489	-2.75778209227975	-3.40277264636589
0.757155156739844	-1.29587333163134	1.61886640875537	-1.38330908379372	0.164307766769621	-1.44202272526487	0.0305197904902715	0.73805082221004	2.44088480793544	-0.615740029788168
8.40734001123342	9.71650628445364	-18.1318398788741	10.2374280959896	-0.0704749841577063	28.8574979703199	-0.663321950208496	-8.36811657640811	-21.3893028434042	-6.91030541303773
67.5283422246116	-31.7531181107812	-40.380340929408	72.4176488414861	-16.7957476754352	-8.91242388063679	-2.22883446934298	-29.9009011513642	-24.6847636863934	15.7409990695828
-6.27996011490894	12.3112206164336	4.77397629500892	-8.55246836868134	4.3222288255639	7.89108543762731	0.237837661056391	-4.31657604034448	-5.22170657437836	-3.80941250925745
