Parent	Type	Child	Weight	Probability	Score
1	+	1	0.125754	0.999676	0.232014
2	+	1	0.017463	0.452352	0.014579
3	+	1	0.005633	0.117870	0.001225
4	-	1	-0.007964	0.413073	-0.006071
5	-	1	-0.000169	0.090432	-0.000028
6	+	1	0.007994	0.431789	0.006371
7	+	1	0.008481	0.139434	0.002182
8	+	1	0.007921	0.083981	0.001228
9	+	1	0.105559	0.989583	0.192787
10	+	1	0.006176	0.125729	0.001433
11	-	1	-0.001860	0.074679	-0.000256
12	-	1	-0.017369	0.426556	-0.013674
13	+	1	0.004618	0.111646	0.000951
14	+	1	0.006179	0.111102	0.001267
15	+	1	0.000956	0.082623	0.000146
16	-	1	-0.000165	0.123269	-0.000038
17	+	1	0.000443	0.056492	0.000046
18	+	1	0.011828	0.346972	0.007574
19	+	1	0.001426	0.120928	0.000318
20	+	1	0.063158	0.999579	0.116513
21	-	1	-0.004147	0.280519	-0.002147
22	+	1	0.015340	0.284816	0.008064
23	-	1	-0.034956	0.896553	-0.057840
24	-	1	-0.002776	0.112031	-0.000574
25	-	1	-0.013859	0.396056	-0.010130
26	+	1	0.007823	0.165291	0.002386
27	+	1	0.020795	0.368367	0.014137
28	+	1	0.057153	0.998400	0.105312
29	+	1	0.012763	0.245588	0.005785
30	-	1	-0.015399	0.230478	-0.006550
31	-	1	-0.051955	0.993704	-0.095283
32	+	1	0.009302	0.168103	0.002886
33	+	1	0.018571	0.379812	0.013018
34	-	1	-0.008028	0.130121	-0.001928
35	-	1	-0.036815	0.999277	-0.067895
36	-	1	-0.001591	0.095415	-0.000280
37	-	1	-0.006035	0.264926	-0.002951
38	-	1	-0.019308	0.438652	-0.015631
1	+	2	0.001577	0.214168	0.000623
2	-	2	-0.000586	0.430124	-0.000465
3	+	2	0.000442	0.086565	0.000071
4	-	2	-0.005662	0.426533	-0.004457
5	-	2	-0.000631	0.100822	-0.000117
6	-	2	-0.000657	0.427312	-0.000518
7	-	2	-0.000381	0.109119	-0.000077
8	+	2	0.000559	0.034378	0.000035
9	+	2	0.003114	0.244801	0.001407
10	+	2	0.000025	0.090624	0.000004
11	+	2	0.000099	0.054159	0.000010
12	-	2	-0.000611	0.400683	-0.000452
13	-	2	-0.000199	0.089563	-0.000033
14	+	2	0.000132	0.062477	0.000015
15	-	2	-0.000359	0.074310	-0.000049
16	+	2	0.000352	0.076797	0.000050
17	+	2	0.001037	0.065931	0.000126
18	+	2	0.020642	0.638580	0.024328
19	+	2	0.001166	0.099577	0.000214
20	+	2	0.002326	0.192258	0.000825
21	-	2	-0.002290	0.406440	-0.001718
22	+	2	0.003099	0.054039	0.000309
23	-	2	-0.008220	0.857304	-0.013007
24	-	2	-0.004568	0.549667	-0.004634
25	-	2	-0.002329	0.408822	-0.001757
26	-	2	-0.001710	0.252313	-0.000796
27	+	2	0.002282	0.083850	0.000353
28	+	2	0.005289	0.214696	0.002096
29	+	2	0.001289	0.076223	0.000181
30	+	2	0.000390	0.089806	0.000065
31	-	2	-0.002194	0.382339	-0.001548
32	+	2	0.000186	0.103989	0.000036
33	+	2	0.000178	0.093164	0.000031
34	-	2	-0.002592	0.202802	-0.000970
35	+	2	0.003024	0.063932	0.000357
36	+	2	0.003837	0.091550	0.000648
37	+	2	0.026122	1.000000	0.048210
38	+	2	0.003321	0.027183	0.000167
1	+	3	0.073179	0.322107	0.043503
2	+	3	0.042220	0.444569	0.034641
3	+	3	0.334304	1.000000	0.616985
4	+	3	0.000406	0.407817	0.000306
5	+	3	0.100450	0.918123	0.170210
6	+	3	0.025777	0.432727	0.020586
7	+	3	0.003805	0.110574	0.000777
8	-	3	-0.017255	0.124169	-0.003954
9	+	3	0.076550	0.345485	0.048810
10	+	3	0.049240	0.297995	0.027080
11	-	3	-0.037429	0.191905	-0.013257
12	+	3	0.043819	0.417997	0.033804
13	+	3	0.027777	0.151499	0.007766
14	-	3	-0.042796	0.221054	-0.017460
15	+	3	0.051587	0.278134	0.026480
16	+	3	0.073587	0.590770	0.080233
17	-	3	-0.007482	0.076958	-0.001063
18	-	3	-0.088359	0.411290	-0.067071
19	+	3	0.103704	0.984401	0.188408
20	+	3	0.148524	0.991380	0.271750
21	+	3	0.010566	0.298483	0.005820
22	+	3	0.246026	1.000000	0.454061
23	-	3	-0.035299	0.374764	-0.024415
24	+	3	0.108908	0.997799	0.200556
25	-	3	-0.006755	0.292982	-0.003653
26	-	3	-0.016419	0.143637	-0.004353
27	-	3	-0.214873	1.000000	-0.396565
28	+	3	0.142979	0.987906	0.260688
29	+	3	0.103763	0.998000	0.191120
30	-	3	-0.194436	1.000000	-0.358847
31	+	3	0.017232	0.298601	0.009496
32	+	3	0.070249	0.728810	0.094491
33	-	3	-0.183282	1.000000	-0.338262
34	+	3	0.122841	0.999441	0.226586
35	+	3	0.121536	0.999865	0.224275
36	-	3	-0.033721	0.151321	-0.009417
37	-	3	-0.258997	0.999996	-0.477999
38	+	3	0.132489	0.999999	0.244519
1	+	4	0.000795	0.202839	0.000298
2	-	4	-0.002387	0.432732	-0.001906
3	-	4	-0.000974	0.094114	-0.000169
4	-	4	-0.003655	0.414631	-0.002797
5	-	4	-0.000129	0.086393	-0.000021
6	-	4	-0.003474	0.432940	-0.002776
7	-	4	-0.000523	0.114592	-0.000111
8	-	4	-0.001408	0.046352	-0.000120
9	-	4	-0.003266	0.232325	-0.001400
10	-	4	-0.001623	0.106705	-0.000320
11	-	4	-0.000084	0.053428	-0.000008
12	+	4	0.006507	0.422991	0.005080
13	-	4	-0.001422	0.131956	-0.000346
14	+	4	0.000146	0.063484	0.000017
15	-	4	-0.000270	0.064034	-0.000032
16	+	4	0.000031	0.071225	0.000004
17	+	4	0.000587	0.056011	0.000061
18	-	4	-0.006246	0.329896	-0.003803
19	-	4	-0.001228	0.116689	-0.000264
20	+	4	0.006667	0.354740	0.004365
21	+	4	0.002984	0.308933	0.001701
22	-	4	-0.002234	0.156404	-0.000645
23	+	4	0.001618	0.285900	0.000853
24	+	4	0.001448	0.100212	0.000268
25	+	4	0.002056	0.296216	0.001124
26	+	4	0.003001	0.102447	0.000567
27	-	4	-0.003707	0.146740	-0.001004
28	-	4	-0.001449	0.254882	-0.000682
29	-	4	-0.002195	0.166094	-0.000673
30	+	4	0.000419	0.092085	0.000071
31	+	4	0.011898	0.937342	0.020583
32	+	4	0.009053	0.256139	0.004279
33	+	4	0.001056	0.094978	0.000185
34	-	4	-0.000163	0.095249	-0.000029
35	+	4	0.001958	0.097164	0.000351
36	+	4	0.002038	0.104486	0.000393
37	-	4	-0.003394	0.358257	-0.002244
38	+	4	0.000903	0.113365	0.000189
1	+	5	0.027519	0.221850	0.011267
2	-	5	-0.115897	0.519543	-0.111128
3	+	5	0.264584	0.508462	0.248288
4	-	5	-0.157846	0.573843	-0.167170
5	+	5	0.355525	1.000000	0.656150
6	+	5	0.075875	0.465749	0.065220
7	+	5	0.090717	0.000018	0.000003
8	-	5	-0.033493	0.172668	-0.010673
9	+	5	0.037804	0.250663	0.017489
10	+	5	0.009104	0.065942	0.001108
11	-	5	-0.062125	0.480492	-0.055092
12	+	5	0.144010	0.540295	0.143601
13	+	5	0.074805	0.000403	0.000056
14	-	5	-0.060833	0.637111	-0.071530
15	+	5	0.005762	0.080130	0.000852
16	+	5	0.046262	0.023124	0.001974
17	-	5	-0.030163	0.141252	-0.007863
18	-	5	-0.038998	0.322609	-0.023220
19	+	5	0.173118	0.000000	0.000000
20	+	5	0.098603	0.038069	0.006928
21	-	5	-0.086843	0.990246	-0.158712
22	+	5	0.268010	0.000000	0.000000
23	-	5	-0.156667	0.999896	-0.289112
24	+	5	0.313885	0.000000	0.000000
25	+	5	0.116527	0.065873	0.014167
26	+	5	0.143178	0.000000	0.000000
27	-	5	-0.179046	1.000000	-0.330443
28	+	5	0.117870	0.052298	0.011377
29	+	5	0.047061	0.000021	0.000002
30	-	5	-0.152140	1.000000	-0.280786
31	+	5	0.194422	0.557653	0.200097
32	+	5	0.150793	0.000000	0.000000
33	-	5	-0.128335	1.000000	-0.236852
34	+	5	0.046769	0.003115	0.000269
35	+	5	0.152679	0.000000	0.000000
36	-	5	-0.071604	0.965414	-0.127581
37	-	5	-0.034115	0.694206	-0.043709
38	+	5	0.206189	0.000000	0.000000
1	-	6	-0.000535	0.200502	-0.000198
2	-	6	-0.003061	0.434678	-0.002455
3	+	6	0.000019	0.085004	0.000003
4	+	6	0.015398	0.527057	0.014978
5	+	6	0.000077	0.085734	0.000012
6	+	6	0.001549	0.428449	0.001225
7	+	6	0.000726	0.109032	0.000146
8	-	6	-0.001066	0.040926	-0.000081
9	-	6	-0.000508	0.219222	-0.000206
10	-	6	-0.000011	0.088780	-0.000002
11	-	6	-0.000826	0.065314	-0.000100
12	+	6	0.002148	0.403336	0.001599
13	-	6	-0.000111	0.087859	-0.000018
14	-	6	-0.000522	0.068120	-0.000066
15	-	6	-0.000172	0.106358	-0.000034
16	+	6	0.000548	0.085674	0.000087
17	+	6	0.000787	0.056089	0.000081
18	+	6	0.001739	0.301110	0.000966
19	+	6	0.000434	0.106956	0.000086
20	-	6	-0.000530	0.223655	-0.000219
21	-	6	-0.002830	0.406697	-0.002124
22	+	6	0.000135	0.106912	0.000027
23	+	6	0.011458	0.933138	0.019733
24	+	6	0.000298	0.105495	0.000058
25	+	6	0.000832	0.279542	0.000429
26	+	6	0.001895	0.086258	0.000302
27	-	6	-0.002708	0.129781	-0.000649
28	-	6	-0.000428	0.234470	-0.000185
29	+	6	0.000180	0.108794	0.000036
30	-	6	-0.003097	0.169687	-0.000970
31	+	6	0.001456	0.262863	0.000706
32	-	6	-0.000071	0.112170	-0.000015
33	-	6	-0.001084	0.113401	-0.000227
34	+	6	0.007630	0.136403	0.001921
35	+	6	0.002152	0.098176	0.000390
36	+	6	0.002816	0.100269	0.000521
37	+	6	0.002396	0.241740	0.001069
38	+	6	0.001180	0.099633	0.000217
1	+	7	0.051350	0.254365	0.024106
2	-	7	-0.008400	0.430600	-0.006676
3	+	7	0.005901	0.096968	0.001056
4	+	7	0.050742	0.424580	0.039761
5	+	7	0.148968	0.997015	0.274111
6	+	7	0.067453	0.454231	0.056548
7	+	7	0.297547	1.000000	0.549147
8	-	7	-0.008957	0.114098	-0.001886
9	+	7	0.095353	0.353375	0.062187
10	+	7	0.023130	0.100998	0.004311
11	+	7	0.030482	0.116275	0.006541
12	+	7	0.089527	0.452142	0.074707
13	+	7	0.030306	0.109988	0.006152
14	+	7	0.103201	0.651866	0.124158
15	+	7	0.112837	0.805486	0.167743
16	+	7	0.117601	0.868066	0.188406
17	-	7	-0.014350	0.106978	-0.002833
18	+	7	0.050628	0.332516	0.031070
19	+	7	0.179176	0.999941	0.330663
20	+	7	0.052665	0.291292	0.028313
21	-	7	-0.097113	0.850640	-0.152460
22	-	7	-0.014508	0.141624	-0.003792
23	-	7	-0.021471	0.321752	-0.012750
24	+	7	0.131352	0.987833	0.239471
25	-	7	-0.008790	0.293234	-0.004757
26	+	7	0.191060	1.000000	0.352617
27	-	7	-0.205910	1.000000	-0.380023
28	+	7	0.122824	0.850243	0.192735
29	+	7	0.015547	0.103434	0.002968
30	+	7	0.116610	0.800206	0.172214
31	+	7	0.019221	0.264263	0.009375
32	+	7	0.038501	0.104936	0.007456
33	+	7	0.139668	0.991081	0.255469
34	+	7	0.129357	0.975559	0.232904
35	+	7	0.112117	0.862668	0.178504
36	-	7	-0.130414	0.985702	-0.237249
37	+	7	0.008311	0.244915	0.003757
38	+	7	0.128159	0.974946	0.230602
1	+	8	0.106868	0.406507	0.080177
2	+	8	0.041049	0.441346	0.033436
3	-	8	-0.018187	0.142445	-0.004781
4	-	8	-0.078565	0.451601	-0.065481
5	-	8	-0.028829	0.179040	-0.009526
6	+	8	0.035450	0.435716	0.028507
7	+	8	0.001001	0.110478	0.000204
8	+	8	0.136715	0.853821	0.215435
9	+	8	0.138323	0.520890	0.132976
10	+	8	0.068286	0.460836	0.058078
11	-	8	-0.009269	0.079381	-0.001358
12	+	8	0.019429	0.403763	0.014478
13	+	8	0.010246	0.099617	0.001884
14	+	8	0.141858	0.996406	0.260870
15	+	8	0.001432	0.072133	0.000191
16	-	8	-0.002556	0.076545	-0.000361
17	-	8	-0.095157	0.613160	-0.107683
18	-	8	-0.012120	0.317654	-0.007106
19	+	8	0.009788	0.109932	0.001986
20	+	8	0.198339	0.999731	0.365952
21	+	8	0.006045	0.302843	0.003379
22	-	8	-0.118759	0.996363	-0.218382
23	-	8	-0.156447	0.993449	-0.286843
24	-	8	-0.143339	0.999987	-0.264540
25	+	8	0.000033	0.300037	0.000018
26	-	8	-0.032956	0.183149	-0.011140
27	+	8	0.282408	1.000000	0.521206
28	+	8	0.243062	0.999995	0.448588
29	+	8	0.118351	0.998666	0.218135
30	-	8	-0.049858	0.208112	-0.019150
31	-	8	-0.014561	0.300460	-0.008074
32	+	8	0.008761	0.118056	0.001909
33	+	8	0.209029	1.000000	0.385779
34	-	8	-0.005090	0.100506	-0.000944
35	-	8	-0.017320	0.110946	-0.003546
36	-	8	-0.289412	1.000000	-0.534133
37	-	8	-0.067335	0.559834	-0.069572
38	+	8	0.001260	0.126800	0.000295
1	+	9	0.134094	0.999983	0.247477
2	+	9	0.024107	0.478384	0.021284
3	+	9	0.001646	0.089220	0.000271
4	-	9	-0.008553	0.414976	-0.006551
5	-	9	-0.000041	0.088199	-0.000007
6	+	9	0.007369	0.431744	0.005872
7	+	9	0.005667	0.120082	0.001256
8	+	9	0.008353	0.093305	0.001438
9	+	9	0.113625	0.998128	0.209311
10	+	9	0.009407	0.183980	0.003194
11	-	9	-0.001491	0.071978	-0.000198
12	-	9	-0.016483	0.427929	-0.013018
13	+	9	0.003803	0.107601	0.000755
14	+	9	0.005349	0.103602	0.001023
15	+	9	0.000896	0.086867	0.000144
16	+	9	0.000206	0.122780	0.000047
17	+	9	0.000879	0.057676	0.000094
18	+	9	0.015294	0.363121	0.010250
19	+	9	0.001385	0.117479	0.000300
20	+	9	0.058188	0.999482	0.107336
21	+	9	0.002638	0.273524	0.001332
22	+	9	0.001832	0.108629	0.000367
23	-	9	-0.034547	0.923810	-0.058901
24	-	9	-0.002800	0.111052	-0.000574
25	-	9	-0.013308	0.403809	-0.009918
26	+	9	0.003610	0.133190	0.000887
27	+	9	0.021140	0.460899	0.017982
28	+	9	0.053467	0.998464	0.098526
29	+	9	0.020349	0.802977	0.030156
30	-	9	-0.013056	0.201773	-0.004862
31	-	9	-0.049217	0.994429	-0.090327
32	+	9	0.007511	0.151267	0.002097
33	+	9	0.015124	0.283552	0.007915
34	-	9	-0.011179	0.173941	-0.003589
35	-	9	-0.031631	0.998005	-0.058262
36	-	9	-0.000215	0.094716	-0.000038
37	-	9	-0.001075	0.243387	-0.000483
38	-	9	-0.014828	0.312263	-0.008545
1	+	10	0.008849	0.211000	0.003446
2	+	10	0.011531	0.430865	0.009169
3	+	10	0.056347	0.281638	0.029288
4	+	10	0.041545	0.419461	0.032162
5	+	10	0.023639	0.123516	0.005389
6	+	10	0.117008	0.505941	0.109257
7	+	10	0.021955	0.130826	0.005301
8	-	10	-0.012109	0.067695	-0.001513
9	+	10	0.060562	0.279387	0.031228
10	+	10	0.267542	1.000000	0.493770
11	-	10	-0.017035	0.102688	-0.003228
12	-	10	-0.052914	0.420454	-0.041060
13	+	10	0.125800	0.991653	0.230236
14	+	10	0.042886	0.204571	0.016192
15	+	10	0.009177	0.094987	0.001609
16	+	10	0.012977	0.099354	0.002379
17	-	10	-0.157287	0.979767	-0.284413
18	+	10	0.082771	0.373902	0.057117
19	+	10	0.070542	0.497372	0.064754
20	-	10	-0.006591	0.224197	-0.002727
21	-	10	-0.026440	0.334719	-0.016333
22	+	10	0.108452	0.990568	0.198270
23	+	10	0.009897	0.290588	0.005308
24	+	10	0.041803	0.205984	0.015892
25	+	10	0.081148	0.694546	0.104019
26	+	10	0.036585	0.208101	0.014051
27	-	10	-0.091923	0.559020	-0.094839
28	+	10	0.115317	0.889844	0.189382
29	+	10	0.272297	1.000000	0.502546
30	-	10	-0.121370	0.965349	-0.216236
31	-	10	-0.113127	0.891048	-0.186037
32	+	10	0.182321	1.000000	0.336488
33	+	10	0.153227	0.999988	0.282789
34	+	10	0.050377	0.234632	0.021815
35	+	10	0.042997	0.195284	0.015497
36	-	10	-0.321065	1.000000	-0.592550
37	+	10	0.104688	0.844939	0.163250
38	+	10	0.111462	0.997266	0.205150
1	-	11	-0.020456	0.224441	-0.008473
2	+	11	0.069259	0.469916	0.060066
3	-	11	-0.008563	0.129401	-0.002045
4	+	11	0.096615	0.488068	0.087027
5	-	11	-0.010770	0.134823	-0.002680
6	+	11	0.078460	0.477737	0.069178
7	+	11	0.033237	0.169351	0.010388
8	-	11	-0.012073	0.085059	-0.001895
9	+	11	0.069383	0.319354	0.040894
10	-	11	-0.002330	0.127277	-0.000547
11	+	11	0.452808	1.000000	0.835693
12	+	11	0.070074	0.446102	0.057693
13	+	11	0.001103	0.108076	0.000220
14	+	11	0.114753	0.985011	0.208612
15	+	11	0.035808	0.167193	0.011049
16	+	11	0.053024	0.318016	0.031121
17	+	11	0.062394	0.261837	0.030151
18	+	11	0.022693	0.312072	0.013070
19	+	11	0.046623	0.259506	0.022330
20	-	11	-0.121492	0.961668	-0.215628
21	-	11	-0.003001	0.287148	-0.001590
22	-	11	-0.098192	0.985458	-0.178586
23	+	11	0.025137	0.329039	0.015265
24	-	11	-0.106731	0.996353	-0.196261
25	+	11	0.004816	0.288266	0.002562
26	+	11	0.031847	0.216879	0.012747
27	-	11	-0.112729	0.979585	-0.203803
28	+	11	0.092517	0.828592	0.141479
29	-	11	-0.098404	0.987195	-0.179287
30	+	11	0.196516	1.000000	0.362685
31	+	11	0.004692	0.277086	0.002399
32	-	11	-0.053892	0.379074	-0.037704
33	+	11	0.126147	0.999948	0.232803
34	+	11	0.066434	0.613705	0.075245
35	+	11	0.095436	0.986661	0.173785
36	+	11	0.069558	0.573791	0.073660
37	-	11	-0.027209	0.308894	-0.015511
38	+	11	0.046407	0.386985	0.033145
1	+	12	0.002470	0.212355	0.000968
2	-	12	-0.000367	0.430431	-0.000292
3	-	12	-0.000804	0.102550	-0.000152
4	+	12	0.007686	0.435896	0.006183
5	+	12	0.000376	0.086999	0.000060
6	-	12	-0.001651	0.428700	-0.001306
7	-	12	-0.001213	0.124304	-0.000278
8	-	12	-0.001272	0.044721	-0.000105
9	-	12	-0.005371	0.252478	-0.002503
10	-	12	-0.000756	0.097603	-0.000136
11	-	12	-0.000491	0.058586	-0.000053
12	-	12	-0.002655	0.404606	-0.001982
13	-	12	-0.000203	0.089955	-0.000034
14	-	12	-0.000541	0.072223	-0.000072
15	-	12	-0.000511	0.075131	-0.000071
16	-	12	-0.000593	0.082571	-0.000090
17	-	12	-0.000691	0.055684	-0.000071
18	-	12	-0.007852	0.345836	-0.005012
19	-	12	-0.001016	0.137771	-0.000258
20	+	12	0.015158	0.889236	0.024877
21	+	12	0.008117	0.446968	0.006696
22	-	12	-0.003921	0.338763	-0.002452
23	+	12	0.019308	0.998629	0.035586
24	+	12	0.002505	0.080465	0.000372
25	+	12	0.006717	0.372392	0.004616
26	+	12	0.002437	0.071245	0.000320
27	-	12	-0.003198	0.143896	-0.000849
28	-	12	-0.004816	0.465350	-0.004136
29	-	12	-0.001454	0.160548	-0.000431
30	-	12	-0.000869	0.103840	-0.000166
31	+	12	0.005218	0.308582	0.002972
32	+	12	0.001587	0.085099	0.000249
33	-	12	-0.001417	0.122824	-0.000321
34	-	12	-0.001553	0.131173	-0.000376
35	-	12	-0.002620	0.180472	-0.000873
36	-	12	-0.001571	0.118362	-0.000343
37	-	12	-0.004500	0.492281	-0.004088
38	+	12	0.005361	0.036066	0.000357
1	+	13	0.085648	0.297702	0.047058
2	+	13	0.108551	0.487966	0.097759
3	+	13	0.036701	0.145101	0.009828
4	+	13	0.108760	0.470826	0.094507
5	+	13	0.045011	0.173233	0.014391
6	+	13	0.041231	0.436360	0.033204
7	+	13	0.051982	0.224802	0.021567
8	-	13	-0.009992	0.058174	-0.001073
9	-	13	-0.032488	0.246880	-0.014803
10	+	13	0.190333	0.999995	0.351274
11	-	13	-0.010460	0.081557	-0.001574
12	+	13	0.064134	0.424451	0.050240
13	+	13	0.249467	1.000000	0.460411
14	+	13	0.036466	0.141869	0.009548
15	+	13	0.090613	0.562401	0.094052
16	+	13	0.113018	0.863476	0.180107
17	-	13	-0.134122	0.850000	-0.210403
18	+	13	0.083526	0.363050	0.055966
19	+	13	0.021288	0.121938	0.004791
20	+	13	0.160261	0.970878	0.287161
21	+	13	0.040183	0.370205	0.027455
22	+	13	0.056847	0.290330	0.030460
23	+	13	0.048615	0.400391	0.035924
24	+	13	0.069008	0.441347	0.056210
25	-	13	-0.023023	0.316538	-0.013450
26	+	13	0.069263	0.538588	0.068848
27	-	13	-0.075956	0.293014	-0.041076
28	-	13	-0.151806	0.949486	-0.266018
29	+	13	0.171809	1.000000	0.317087
30	-	13	-0.078194	0.364313	-0.052575
31	+	13	0.007230	0.281047	0.003750
32	+	13	0.225478	1.000000	0.416138
33	+	13	0.107517	0.878662	0.174354
34	+	13	0.151810	0.999835	0.280132
35	+	13	0.152571	0.999929	0.281562
36	-	13	-0.358025	1.000000	-0.660764
37	+	13	0.076236	0.544816	0.076656
38	+	13	0.008679	0.133910	0.002145
1	+	14	0.009242	0.209809	0.003579
2	-	14	-0.060055	0.457947	-0.050757
3	-	14	-0.050225	0.324815	-0.030108
4	+	14	0.072664	0.450885	0.060467
5	-	14	-0.039307	0.222869	-0.016168
6	-	14	-0.044262	0.442569	-0.036153
7	+	14	0.026907	0.151101	0.007503
8	+	14	0.077021	0.399428	0.056778
9	+	14	0.010984	0.230410	0.004671
10	+	14	0.001610	0.094452	0.000281
11	+	14	0.054542	0.243777	0.024539
12	-	14	-0.002612	0.400885	-0.001932
13	+	14	0.004079	0.094282	0.000710
14	+	14	0.335139	1.000000	0.618526
15	+	14	0.063681	0.419056	0.049251
16	-	14	-0.005430	0.086928	-0.000871
17	+	14	0.018505	0.091130	0.003112
18	-	14	-0.065938	0.360459	-0.043865
19	+	14	0.086682	0.881451	0.141014
20	+	14	0.000656	0.218819	0.000265
21	-	14	-0.104681	0.926840	-0.179063
22	-	14	-0.173233	1.000000	-0.319715
23	+	14	0.053100	0.498317	0.048835
24	-	14	-0.145753	0.999999	-0.268998
25	-	14	-0.084447	0.801739	-0.124954
26	+	14	0.045413	0.316449	0.026523
27	+	14	0.248083	1.000000	0.457857
28	+	14	0.002586	0.233395	0.001114
29	-	14	-0.002763	0.114233	-0.000583
30	+	14	0.115456	0.998026	0.212663
31	-	14	-0.032829	0.357779	-0.021677
32	+	14	0.003555	0.114039	0.000748
33	+	14	0.240778	1.000000	0.444376
34	+	14	0.147707	1.000000	0.272604
35	-	14	-0.021493	0.125808	-0.004990
36	+	14	0.044239	0.200655	0.016383
37	-	14	-0.176889	0.999596	-0.326331
38	+	14	0.118854	0.999898	0.219333
1	+	15	0.009297	0.207048	0.003553
2	-	15	-0.068927	0.466648	-0.059363
3	+	15	0.012417	0.085521	0.001960
4	+	15	0.047359	0.426113	0.037244
5	-	15	-0.009264	0.113086	-0.001933
6	+	15	0.218503	0.692545	0.279279
7	+	15	0.104431	0.015510	0.002989
8	-	15	-0.010593	0.077849	-0.001522
9	+	15	0.029315	0.238469	0.012902
10	+	15	0.007028	0.085463	0.001108
11	+	15	0.008518	0.080848	0.001271
12	-	15	-0.047735	0.421045	-0.037094
13	+	15	0.013470	0.081679	0.002031
14	+	15	0.071328	0.181361	0.023875
15	+	15	0.380535	1.000000	0.702308
16	-	15	-0.155923	1.000000	-0.287768
17	-	15	-0.017396	0.109164	-0.003505
18	-	15	-0.028480	0.312234	-0.016411
19	+	15	0.017466	0.070359	0.002268
20	+	15	0.025411	0.150790	0.007072
21	-	15	-0.083936	0.952431	-0.147541
22	+	15	0.044320	0.014582	0.001193
23	+	15	0.054330	0.192962	0.019348
24	-	15	-0.016144	0.235305	-0.007011
25	+	15	0.202026	0.995724	0.371261
26	+	15	0.162917	0.000000	0.000000
27	-	15	-0.089517	0.963776	-0.159226
28	+	15	0.070055	0.192868	0.024936
29	+	15	0.025153	0.027032	0.001255
30	+	15	0.083017	0.044386	0.006801
31	-	15	-0.062712	0.844247	-0.097713
32	+	15	0.063105	0.001314	0.000153
33	+	15	0.195552	0.996333	0.359583
34	+	15	0.353216	1.000000	0.651889
35	-	15	-0.243001	1.000000	-0.448478
36	-	15	-0.094274	0.986900	-0.171712
37	-	15	-0.056556	0.766914	-0.080050
38	+	15	0.047784	0.001693	0.000149
1	-	16	-0.023556	0.228460	-0.009932
2	+	16	0.056141	0.466432	0.048328
3	+	16	0.034919	0.234324	0.015101
4	-	16	-0.023181	0.414762	-0.017745
5	+	16	0.028935	0.180889	0.009660
6	-	16	-0.081645	0.500888	-0.075475
7	+	16	0.036463	0.253709	0.017073
8	-	16	-0.003609	0.038176	-0.000254
9	-	16	-0.037401	0.269505	-0.018603
10	+	16	0.002768	0.096009	0.000490
11	+	16	0.018810	0.129461	0.004494
12	-	16	-0.103913	0.527391	-0.101143
13	+	16	0.009746	0.116300	0.002092
14	-	16	-0.000065	0.076487	-0.000009
15	-	16	-0.102359	0.992537	-0.187502
16	+	16	0.386735	1.000000	0.713751
17	-	16	-0.005807	0.061405	-0.000658
18	+	16	0.060997	0.376103	0.042340
19	+	16	0.109438	0.999906	0.201958
20	-	16	-0.074034	0.781990	-0.106848
21	+	16	0.054082	0.623937	0.062276
22	+	16	0.081576	0.993594	0.149591
23	-	16	-0.037024	0.440533	-0.030102
24	+	16	0.064676	0.863378	0.103057
25	-	16	-0.107358	0.983627	-0.194893
26	+	16	0.061476	0.863485	0.097970
27	-	16	-0.020342	0.114417	-0.004296
28	-	16	-0.112754	0.987445	-0.205484
29	+	16	0.005362	0.116929	0.001157
30	+	16	0.086575	0.982320	0.156956
31	-	16	-0.150259	0.999612	-0.277208
32	+	16	0.043914	0.401355	0.032528
33	-	16	-0.002506	0.102052	-0.000472
34	-	16	-0.259339	1.000000	-0.478630
35	+	16	0.255144	1.000000	0.470889
36	-	16	-0.013943	0.109105	-0.002808
37	+	16	0.112369	0.978040	0.202831
38	+	16	0.130807	1.000000	0.241414
1	-	17	-0.000452	0.210485	-0.000176
2	-	17	-0.030146	0.443114	-0.024653
3	+	17	0.005519	0.098828	0.001007
4	-	17	-0.001075	0.407718	-0.000809
5	+	17	0.004081	0.095911	0.000722
6	+	17	0.040113	0.450279	0.033335
7	+	17	0.007398	0.120212	0.001641
8	-	17	-0.016840	0.113624	-0.003531
9	+	17	0.038223	0.276560	0.019510
10	-	17	-0.099772	0.999960	-0.184131
11	+	17	0.020337	0.167999	0.006306
12	+	17	0.028395	0.413721	0.021681
13	-	17	-0.057520	0.791047	-0.083976
14	+	17	0.004574	0.089603	0.000756
15	-	17	-0.003703	0.085827	-0.000587
16	-	17	-0.003099	0.082034	-0.000469
17	+	17	0.192883	1.000000	0.355981
18	+	17	0.013260	0.307154	0.007517
19	+	17	0.005478	0.114840	0.001161
20	-	17	-0.002644	0.226679	-0.001106
21	-	17	-0.037144	0.495114	-0.033941
22	+	17	0.020473	0.151386	0.005720
23	-	17	-0.004750	0.289800	-0.002541
24	+	17	0.014567	0.129656	0.003486
25	+	17	0.041483	0.548745	0.042012
26	+	17	0.031035	0.264227	0.015134
27	-	17	-0.110974	0.999860	-0.204784
28	+	17	0.100283	0.989350	0.183109
29	-	17	-0.135787	1.000000	-0.250605
30	+	17	0.160075	1.000000	0.295431
31	+	17	0.031252	0.418965	0.024165
32	-	17	-0.106919	1.000000	-0.197327
33	+	17	0.044762	0.367479	0.030358
34	-	17	-0.031473	0.210053	-0.012201
35	-	17	-0.018484	0.131917	-0.004500
36	+	17	0.354091	1.000000	0.653503
37	+	17	0.021030	0.318172	0.012349
38	+	17	0.021097	0.178565	0.006953
1	+	18	0.052995	0.944871	0.092415
2	+	18	0.008540	0.442301	0.006971
3	+	18	0.000370	0.099742	0.000068
4	-	18	-0.016627	0.459588	-0.014103
5	+	18	0.000275	0.097117	0.000049
6	+	18	0.013631	0.458716	0.011540
7	+	18	0.005464	0.140035	0.001412
8	+	18	0.003910	0.064659	0.000467
9	+	18	0.031825	0.613210	0.036017
10	+	18	0.003801	0.129381	0.000908
11	-	18	-0.000640	0.071587	-0.000085
12	-	18	-0.006163	0.408393	-0.004645
13	+	18	0.001455	0.094270	0.000253
14	+	18	0.004189	0.109641	0.000848
15	+	18	0.000251	0.070592	0.000033
16	-	18	-0.000018	0.069524	-0.000002
17	+	18	0.000271	0.053299	0.000027
18	+	18	0.080836	0.990376	0.147753
19	+	18	0.001411	0.109739	0.000286
20	+	18	0.037305	0.998399	0.068740
21	-	18	-0.005511	0.311405	-0.003167
22	-	18	-0.009690	0.257509	-0.004605
23	-	18	-0.043716	0.999385	-0.080633
24	-	18	-0.007854	0.193091	-0.002799
25	-	18	-0.000811	0.267577	-0.000401
26	+	18	0.005799	0.176152	0.001885
27	+	18	0.008716	0.172668	0.002778
28	+	18	0.021067	0.842960	0.032774
29	+	18	0.010894	0.393853	0.007918
30	-	18	-0.009752	0.214914	-0.003868
31	-	18	-0.024238	0.914495	-0.040908
32	+	18	0.002001	0.115294	0.000426
33	+	18	0.010743	0.308753	0.006122
34	-	18	-0.004114	0.113827	-0.000864
35	-	18	-0.002140	0.099698	-0.000394
36	-	18	-0.001389	0.094807	-0.000243
37	+	18	0.038368	0.998171	0.070682
38	-	18	-0.006658	0.179516	-0.002206
1	+	19	0.067144	0.280226	0.034726
2	+	19	0.069724	0.462652	0.059534
3	+	19	0.147107	0.925677	0.251318
4	+	19	0.013771	0.409781	0.010415
5	+	19	0.064724	0.096147	0.011485
6	+	19	0.087022	0.477221	0.076644
7	+	19	0.201508	0.999360	0.371661
8	+	19	0.005915	0.039552	0.000432
9	+	19	0.041620	0.256359	0.019692
10	+	19	0.094196	0.098553	0.017133
11	+	19	0.058764	0.168322	0.018255
12	+	19	0.124538	0.507909	0.116740
13	+	19	0.019416	0.076794	0.002752
14	+	19	0.180927	0.999924	0.333890
15	+	19	0.166076	0.997816	0.305838
16	+	19	0.228402	1.000000	0.421534
17	+	19	0.048575	0.145971	0.013086
18	+	19	0.037803	0.320768	0.022379
19	+	19	0.350265	1.000000	0.646443
20	+	19	0.045400	0.179615	0.015050
21	-	19	-0.051929	0.653388	-0.062620
22	+	19	0.071051	0.006820	0.000894
23	-	19	-0.123547	0.990122	-0.225764
24	+	19	0.029210	0.039499	0.002129
25	-	19	-0.034545	0.483815	-0.030846
26	+	19	0.089399	0.000169	0.000028
27	+	19	0.001389	0.089273	0.000229
28	-	19	-0.004267	0.228551	-0.001800
29	+	19	0.068829	0.002242	0.000285
30	+	19	0.072951	0.088333	0.011893
31	+	19	0.002379	0.250170	0.001098
32	+	19	0.003018	0.103503	0.000576
33	+	19	0.095987	0.093980	0.016649
34	+	19	0.079920	0.036394	0.005368
35	+	19	0.092762	0.019791	0.003388
36	+	19	0.049380	0.091413	0.008331
37	-	19	-0.047458	0.562382	-0.049257
38	+	19	0.127814	0.000102	0.000024
1	-	20	-0.015371	0.290551	-0.008243
2	-	20	-0.031621	0.501769	-0.029282
3	-	20	-0.020044	0.498955	-0.018457
4	-	20	-0.045109	0.550737	-0.045850
5	-	20	-0.019757	0.506980	-0.018486
6	-	20	-0.034665	0.511306	-0.032712
7	-	20	-0.030074	0.872317	-0.048417
8	-	20	-0.005893	0.072497	-0.000788
9	-	20	-0.017576	0.314531	-0.010203
10	-	20	-0.023555	0.666046	-0.028955
11	-	20	-0.010492	0.132176	-0.002559
12	-	20	-0.053304	0.594365	-0.058472
13	-	20	-0.021613	0.587501	-0.023435
14	-	20	-0.015209	0.222080	-0.006234
15	-	20	-0.013398	0.216947	-0.005364
16	-	20	-0.040076	0.999951	-0.073959
17	-	20	-0.004726	0.073849	-0.000644
18	-	20	-0.039433	0.485405	-0.035326
19	-	20	-0.041315	0.997872	-0.076087
20	+	20	0.170254	1.000000	0.314217
21	+	20	0.180449	1.000000	0.333034
22	+	20	0.049653	0.027030	0.002477
23	+	20	0.105406	1.000000	0.194536
24	+	20	0.021939	0.008254	0.000334
25	+	20	0.157180	1.000000	0.290088
26	+	20	0.055870	0.006083	0.000627
27	+	20	0.031251	0.167872	0.009682
28	+	20	0.149231	1.000000	0.275417
29	+	20	0.051177	0.008623	0.000814
30	-	20	-0.007231	0.212862	-0.002841
31	+	20	0.085738	0.999997	0.158235
32	+	20	0.040517	0.003233	0.000242
33	+	20	0.044290	0.233404	0.019078
34	+	20	0.008107	0.053983	0.000808
35	+	20	0.011917	0.023655	0.000520
36	+	20	0.013107	0.070918	0.001715
37	+	20	0.073547	0.999811	0.135711
38	+	20	0.040208	0.000243	0.000018
1	-	21	-0.054496	0.999829	-0.100559
2	-	21	-0.055442	0.961718	-0.098406
3	-	21	-0.039555	1.000000	-0.073001
4	-	21	-0.058204	0.981437	-0.105427
5	-	21	-0.046172	1.000000	-0.085214
6	-	21	-0.055588	0.963280	-0.098825
7	-	21	-0.047773	1.000000	-0.088168
8	-	21	-0.003301	0.074631	-0.000455
9	-	21	-0.057810	0.999897	-0.106683
10	-	21	-0.038562	1.000000	-0.071169
11	-	21	-0.006444	0.173475	-0.002063
12	-	21	-0.053240	0.968162	-0.095130
13	-	21	-0.039287	1.000000	-0.072507
14	-	21	-0.018179	0.953498	-0.031990
15	-	21	-0.022934	0.997564	-0.042223
16	-	21	-0.026290	0.999506	-0.048497
17	-	21	-0.011059	0.382806	-0.007813
18	-	21	-0.040908	0.944021	-0.071273
19	-	21	-0.045030	1.000000	-0.083106
20	+	21	0.055118	1.000000	0.101725
21	+	21	0.095057	1.000000	0.175436
22	+	21	0.046963	1.000000	0.086674
23	+	21	0.079071	1.000000	0.145932
24	+	21	0.048833	1.000000	0.090124
25	+	21	0.092516	1.000000	0.170745
26	+	21	0.053506	1.000000	0.098750
27	+	21	0.007280	0.178099	0.002393
28	+	21	0.057646	1.000000	0.106390
29	+	21	0.045072	1.000000	0.083185
30	+	21	0.005966	0.141310	0.001556
31	+	21	0.082698	1.000000	0.152626
32	+	21	0.044278	1.000000	0.081719
33	+	21	0.019455	0.980143	0.035192
34	+	21	0.024219	0.999226	0.044664
35	+	21	0.031657	0.999995	0.058426
36	+	21	0.018899	0.984234	0.034329
37	+	21	0.077541	1.000000	0.143107
38	+	21	0.053270	1.000000	0.098314
1	+	22	0.029746	0.241837	0.013276
2	+	22	0.028156	0.436915	0.022704
3	+	22	0.057310	0.533287	0.056406
4	-	22	-0.013143	0.409474	-0.009932
5	+	22	0.004782	0.140784	0.001243
6	+	22	0.012666	0.428939	0.010027
7	-	22	-0.023187	0.129091	-0.005524
8	-	22	-0.064882	0.294213	-0.035230
9	+	22	0.031034	0.262932	0.015060
10	-	22	-0.021489	0.158210	-0.006275
11	-	22	-0.114846	0.965827	-0.204714
12	+	22	0.026273	0.407652	0.019767
13	-	22	-0.019630	0.134180	-0.004861
14	-	22	-0.118175	0.976246	-0.212920
15	-	22	-0.003419	0.139486	-0.000880
16	-	22	-0.003458	0.145663	-0.000930
17	-	22	-0.012867	0.075558	-0.001794
18	-	22	-0.170705	0.629105	-0.198200
19	+	22	0.000057	0.182327	0.000019
20	+	22	0.178345	0.999762	0.329072
21	+	22	0.118853	0.979496	0.214856
22	+	22	0.432434	1.000000	0.798092
23	+	22	0.055333	0.564155	0.057612
24	+	22	0.176629	1.000000	0.325983
25	+	22	0.093410	0.899123	0.155005
26	+	22	0.007953	0.135592	0.001990
27	-	22	-0.191137	1.000000	-0.352758
28	+	22	0.172668	0.999585	0.318540
29	+	22	0.151158	0.999997	0.278973
30	-	22	-0.139927	0.999969	-0.258238
31	+	22	0.118722	0.977004	0.214072
32	+	22	0.105412	0.979956	0.190647
33	-	22	-0.125865	0.999414	-0.232158
34	+	22	0.159325	1.000000	0.294047
35	+	22	0.173551	1.000000	0.320301
36	-	22	-0.022409	0.123466	-0.005106
37	-	22	-0.176582	0.998984	-0.325565
38	+	22	0.199478	1.000000	0.368153
1	-	23	-0.050572	0.996954	-0.093051
2	-	23	-0.059597	0.958995	-0.105482
3	-	23	-0.044460	1.000000	-0.082055
4	-	23	-0.059518	0.970618	-0.106617
5	-	23	-0.043103	1.000000	-0.079550
6	-	23	-0.060010	0.961544	-0.106494
7	-	23	-0.047567	1.000000	-0.087789
8	-	23	-0.005303	0.103960	-0.001017
9	-	23	-0.064361	0.999951	-0.118777
10	-	23	-0.042987	1.000000	-0.079335
11	-	23	-0.006204	0.150500	-0.001723
12	-	23	-0.052578	0.942749	-0.091482
13	-	23	-0.037342	0.999994	-0.068917
14	-	23	-0.014852	0.718447	-0.019692
15	-	23	-0.013442	0.641778	-0.015921
16	-	23	-0.018611	0.940906	-0.032318
17	-	23	-0.009833	0.267303	-0.004851
18	-	23	-0.061651	0.997610	-0.113510
19	-	23	-0.049092	1.000000	-0.090603
20	+	23	0.060913	1.000000	0.112420
21	+	23	0.100622	1.000000	0.185705
22	+	23	0.048736	1.000000	0.089946
23	+	23	0.087690	1.000000	0.161838
24	+	23	0.048879	1.000000	0.090210
25	+	23	0.097509	1.000000	0.179961
26	+	23	0.055211	1.000000	0.101896
27	-	23	-0.000238	0.106694	-0.000047
28	+	23	0.060216	1.000000	0.111134
29	+	23	0.047749	1.000000	0.088125
30	+	23	0.005189	0.119786	0.001147
31	+	23	0.096102	1.000000	0.177365
32	+	23	0.046010	1.000000	0.084915
33	+	23	0.017159	0.841838	0.026659
34	+	23	0.015983	0.730529	0.021549
35	+	23	0.023655	0.991866	0.043302
36	+	23	0.015135	0.744388	0.020793
37	+	23	0.065241	1.000000	0.120407
38	+	23	0.056286	1.000000	0.103881
1	+	24	0.006620	0.212696	0.002599
2	-	24	-0.126026	0.531248	-0.123564
3	+	24	0.014060	0.177910	0.004616
4	-	24	-0.191386	0.630035	-0.222539
5	+	24	0.029388	0.237578	0.012886
6	+	24	0.053001	0.448072	0.043830
7	-	24	-0.023665	0.173416	-0.007574
8	-	24	-0.077091	0.360179	-0.051245
9	+	24	0.012661	0.234414	0.005477
10	-	24	-0.012571	0.108978	-0.002528
11	-	24	-0.127499	0.977019	-0.229903
12	+	24	0.080631	0.453009	0.067413
13	-	24	-0.024552	0.153542	-0.006957
14	-	24	-0.108308	0.898950	-0.179691
15	-	24	-0.004425	0.090929	-0.000743
16	-	24	-0.018482	0.132245	-0.004511
17	-	24	-0.035305	0.125247	-0.008161
18	-	24	-0.056513	0.340582	-0.035523
19	-	24	-0.011998	0.186650	-0.004133
20	+	24	0.105283	0.882047	0.171389
21	-	24	-0.035132	0.418646	-0.027145
22	+	24	0.291712	1.000000	0.538377
23	-	24	-0.089545	0.826210	-0.136542
24	+	24	0.361758	1.000000	0.667653
25	+	24	0.203676	0.999948	0.375881
26	+	24	0.146661	0.999913	0.270651
27	-	24	-0.188637	1.000000	-0.348144
28	+	24	0.127461	0.972151	0.228688
29	+	24	0.053684	0.305342	0.030253
30	-	24	-0.134041	0.999430	-0.247243
31	+	24	0.304106	1.000000	0.561252
32	+	24	0.147776	0.999919	0.272710
33	-	24	-0.119934	0.995955	-0.220452
34	+	24	0.050004	0.235987	0.021778
35	+	24	0.143824	0.999965	0.265429
36	-	24	-0.073500	0.449577	-0.060986
37	-	24	-0.017662	0.302212	-0.009851
38	+	24	0.204743	1.000000	0.377870
1	-	25	-0.052189	0.999470	-0.096267
2	-	25	-0.055098	0.957042	-0.097319
3	-	25	-0.040082	1.000000	-0.073975
4	-	25	-0.046536	0.921066	-0.079106
5	-	25	-0.041514	1.000000	-0.076617
6	-	25	-0.052870	0.947461	-0.092449
7	-	25	-0.045374	1.000000	-0.083741
8	-	25	-0.003792	0.078533	-0.000550
9	-	25	-0.058132	0.999886	-0.107275
10	-	25	-0.038738	1.000000	-0.071494
11	-	25	-0.010774	0.467103	-0.009288
12	-	25	-0.050485	0.951584	-0.088662
13	-	25	-0.039064	1.000000	-0.072096
14	-	25	-0.017527	0.938877	-0.030370
15	-	25	-0.020493	0.968719	-0.036638
16	-	25	-0.021907	0.990825	-0.040061
17	-	25	-0.010436	0.334062	-0.006434
18	-	25	-0.049678	0.986506	-0.090448
19	-	25	-0.045679	1.000000	-0.084304
20	+	25	0.053675	1.000000	0.099062
21	+	25	0.092313	1.000000	0.170370
22	+	25	0.044908	1.000000	0.082881
23	+	25	0.098080	1.000000	0.181014
24	+	25	0.045604	1.000000	0.084166
25	+	25	0.094776	1.000000	0.174916
26	+	25	0.051578	1.000000	0.095192
27	+	25	0.001700	0.099147	0.000311
28	+	25	0.055589	1.000000	0.102593
29	+	25	0.043891	1.000000	0.081004
30	+	25	0.005051	0.141243	0.001317
31	+	25	0.084332	1.000000	0.155642
32	+	25	0.043077	1.000000	0.079503
33	+	25	0.017110	0.928128	0.029308
34	+	25	0.029534	0.999976	0.054506
35	+	25	0.028429	0.999927	0.052465
36	+	25	0.017015	0.944968	0.029674
37	+	25	0.063652	1.000000	0.117475
38	+	25	0.052225	1.000000	0.096385
1	-	26	-0.002971	0.208951	-0.001146
2	-	26	-0.030391	0.436500	-0.024483
3	-	26	-0.031875	0.322032	-0.018945
4	+	26	0.022116	0.410856	0.016770
5	+	26	0.097251	0.000445	0.000080
6	+	26	0.040917	0.436853	0.032990
7	+	26	0.266817	0.000000	0.000000
8	-	26	-0.065272	0.317470	-0.038244
9	+	26	0.023458	0.234934	0.010171
10	-	26	-0.012418	0.176198	-0.004038
11	-	26	-0.000050	0.099239	-0.000009
12	+	26	0.053676	0.419220	0.041530
13	-	26	-0.004011	0.127084	-0.000941
14	+	26	0.031703	0.073268	0.004287
15	+	26	0.044033	0.040728	0.003310
16	+	26	0.056904	0.016248	0.001706
17	-	26	-0.045257	0.184089	-0.015376
18	-	26	-0.003475	0.302329	-0.001939
19	+	26	0.174826	0.000000	0.000000
20	+	26	0.130100	0.014241	0.003419
21	+	26	0.115332	0.015168	0.003229
22	+	26	0.039403	0.000566	0.000041
23	+	26	0.183568	0.067133	0.022744
24	+	26	0.310380	0.000000	0.000000
25	+	26	0.211667	0.205468	0.080266
26	+	26	0.515005	0.000000	0.000000
27	-	26	-0.148720	1.000000	-0.274474
28	+	26	0.216280	0.198742	0.079330
29	+	26	0.082074	0.000000	0.000000
30	+	26	0.184784	0.000002	0.000001
31	+	26	0.240246	0.534227	0.236873
32	+	26	0.116199	0.000000	0.000000
33	+	26	0.276175	0.000000	0.000000
34	+	26	0.276493	0.000000	0.000000
35	+	26	0.264353	0.000000	0.000000
36	-	26	-0.086354	0.986855	-0.157278
37	+	26	0.140102	0.018831	0.004869
38	+	26	0.341619	0.000000	0.000000
1	+	27	0.022563	0.231873	0.009656
2	+	27	0.019109	0.432923	0.015268
3	-	27	-0.079143	0.547064	-0.079906
4	-	27	-0.111173	0.490305	-0.100600
5	-	27	-0.105614	0.936085	-0.182460
6	+	27	0.013137	0.428876	0.010398
7	-	27	-0.032244	0.143272	-0.008526
8	+	27	0.000048	0.134089	0.000012
9	+	27	0.031747	0.259339	0.015195
10	-	27	-0.023125	0.163909	-0.006995
11	-	27	-0.026854	0.096314	-0.004773
12	-	27	-0.002107	0.401313	-0.001561
13	-	27	-0.014845	0.104078	-0.002851
14	-	27	-0.010214	0.157570	-0.002970
15	-	27	-0.006836	0.072680	-0.000917
16	-	27	-0.008712	0.077548	-0.001247
17	-	27	-0.246577	1.000000	-0.455078
18	-	27	-0.057124	0.342708	-0.036131
19	-	27	-0.022892	0.125261	-0.005292
20	+	27	0.250435	1.000000	0.462198
21	+	27	0.164045	0.998825	0.302402
22	-	27	-0.064833	0.543015	-0.064974
23	-	27	-0.012275	0.329897	-0.007474
24	-	27	-0.076436	0.796761	-0.112398
25	+	27	0.151499	0.996721	0.278687
26	-	27	-0.002926	0.133345	-0.000720
27	+	27	0.342318	1.000000	0.631775
28	+	27	0.307883	1.000000	0.568223
29	+	27	0.180203	1.000000	0.332579
30	-	27	-0.034537	0.149318	-0.009518
31	+	27	0.121888	0.969231	0.218033
32	+	27	0.031779	0.158417	0.009291
33	+	27	0.292553	1.000000	0.539929
34	+	27	0.004778	0.100892	0.000890
35	-	27	-0.007401	0.101303	-0.001384
36	-	27	-0.153800	0.999698	-0.283764
37	+	27	0.004257	0.301886	0.002372
38	+	27	0.032388	0.180736	0.010803
1	-	28	-0.014317	0.296353	-0.007831
2	-	28	-0.027767	0.495694	-0.025402
3	-	28	-0.014314	0.357558	-0.009446
4	-	28	-0.043035	0.558202	-0.044335
5	-	28	-0.015985	0.443795	-0.013093
6	-	28	-0.032321	0.512373	-0.030563
7	-	28	-0.026852	0.882268	-0.043722
8	-	28	-0.006271	0.080634	-0.000933
9	-	28	-0.016113	0.317577	-0.009444
10	-	28	-0.025446	0.821238	-0.038568
11	-	28	-0.009417	0.130236	-0.002264
12	-	28	-0.050204	0.599894	-0.055583
13	-	28	-0.020136	0.623082	-0.023155
14	-	28	-0.012397	0.196360	-0.004493
15	-	28	-0.014526	0.297229	-0.007969
16	-	28	-0.034427	0.999711	-0.063519
17	-	28	-0.004922	0.079050	-0.000718
18	-	28	-0.034403	0.468492	-0.029746
19	-	28	-0.035658	0.995370	-0.065504
20	+	28	0.175219	1.000000	0.323381
21	+	28	0.182682	1.000000	0.337154
22	+	28	0.025434	0.002852	0.000134
23	+	28	0.096751	1.000000	0.178562
24	+	28	0.017422	0.006448	0.000207
25	+	28	0.147131	1.000000	0.271541
26	+	28	0.047194	0.000397	0.000035
27	+	28	0.032827	0.183528	0.011119
28	+	28	0.153748	1.000000	0.283755
29	+	28	0.064979	0.045344	0.005438
30	-	28	-0.006082	0.205868	-0.002311
31	+	28	0.080105	0.999994	0.147839
32	+	28	0.037642	0.000777	0.000054
33	+	28	0.037507	0.062568	0.004331
34	+	28	0.006034	0.055671	0.000620
35	+	28	0.010707	0.018994	0.000375
36	+	28	0.014832	0.060773	0.001664
37	+	28	0.075680	0.999963	0.139668
38	+	28	0.038216	0.000042	0.000003
1	-	29	-0.031173	0.220098	-0.012663
2	-	29	-0.005447	0.430518	-0.004328
3	+	29	0.013378	0.079679	0.001967
4	+	29	0.015375	0.409486	0.011620
5	-	29	-0.013037	0.164108	-0.003948
6	+	29	0.075004	0.461026	0.063818
7	-	29	-0.017368	0.239701	-0.007684
8	-	29	-0.028658	0.094254	-0.004985
9	+	29	0.011312	0.227449	0.004748
10	+	29	0.178822	0.000317	0.000105
11	-	29	-0.056638	0.284773	-0.029767
12	-	29	-0.079801	0.444722	-0.065499
13	+	29	0.084355	0.000880	0.000137
14	-	29	-0.004467	0.145149	-0.001197
15	-	29	-0.014501	0.122888	-0.003289
16	-	29	-0.011924	0.127837	-0.002813
17	-	29	-0.317855	1.000000	-0.586626
18	+	29	0.025677	0.309513	0.014668
19	+	29	0.044964	0.005659	0.000470
20	+	29	0.042229	0.082361	0.006419
21	+	29	0.144661	0.233814	0.062424
22	+	29	0.207959	0.000000	0.000000
23	+	29	0.177431	0.551174	0.180489
24	+	29	0.103652	0.000000	0.000000
25	+	29	0.299316	0.999913	0.552364
26	+	29	0.102450	0.000000	0.000000
27	-	29	-0.072469	0.861584	-0.115234
28	+	29	0.172058	0.436267	0.138536
29	+	29	0.541835	1.000000	1.000000
30	-	29	-0.079033	0.985869	-0.143800
31	+	29	0.050851	0.089396	0.008390
32	+	29	0.336581	0.000000	0.000000
33	+	29	0.236552	0.007242	0.003162
34	+	29	0.094672	0.000199	0.000035
35	+	29	0.091539	0.000028	0.000005
36	-	29	-0.120161	0.999983	-0.221763
37	+	29	0.219228	0.928418	0.375640
38	+	29	0.218529	0.000000	0.000000
1	-	30	-0.047266	0.254692	-0.022218
2	+	30	0.055479	0.456420	0.046733
3	-	30	-0.038479	0.204499	-0.014523
4	+	30	0.071711	0.454503	0.060153
5	-	30	-0.044070	0.245040	-0.019930
6	+	30	0.061165	0.459112	0.051827
7	-	30	-0.003744	0.123319	-0.000852
8	-	30	-0.023430	0.098712	-0.004268
9	+	30	0.033114	0.252379	0.015424
10	-	30	-0.032286	0.180479	-0.010754
11	+	30	0.075976	0.594886	0.083415
12	+	30	0.051632	0.426477	0.040639
13	-	30	-0.017014	0.119126	-0.003741
14	+	30	0.015001	0.150991	0.004180
15	-	30	-0.001207	0.117334	-0.000261
16	+	30	0.002620	0.135206	0.000654
17	+	30	0.022976	0.112497	0.004770
18	-	30	-0.002565	0.303522	-0.001437
19	-	30	-0.001124	0.134560	-0.000279
20	-	30	-0.101197	0.883202	-0.164954
21	+	30	0.101399	0.957334	0.179155
22	-	30	-0.073544	0.808365	-0.109720
23	+	30	0.133812	0.996596	0.246121
24	-	30	-0.080555	0.906150	-0.134718
25	+	30	0.109819	0.976990	0.198017
26	+	30	0.063237	0.574166	0.067010
27	-	30	-0.104573	0.950425	-0.183431
28	+	30	0.124660	0.981501	0.225814
29	-	30	-0.073393	0.844444	-0.114383
30	+	30	0.500501	1.000000	0.923714
31	+	30	0.103187	0.958338	0.182505
32	-	30	-0.037919	0.228215	-0.015971
33	+	30	0.194961	1.000000	0.359815
34	+	30	0.096588	0.971751	0.173224
35	+	30	0.133296	0.999992	0.246007
36	+	30	0.111517	0.985014	0.202730
37	+	30	0.022251	0.316819	0.013010
38	+	30	0.087119	0.939647	0.151081
1	-	31	-0.043946	0.980318	-0.079510
2	-	31	-0.056592	0.939244	-0.098100
3	-	31	-0.045071	1.000000	-0.083182
4	-	31	-0.050731	0.918540	-0.086001
5	-	31	-0.042054	1.000000	-0.077613
6	-	31	-0.056716	0.940815	-0.098478
7	-	31	-0.047400	1.000000	-0.087481
8	-	31	-0.005013	0.094617	-0.000875
9	-	31	-0.066627	0.999978	-0.122963
10	-	31	-0.041327	1.000000	-0.076272
11	-	31	-0.006394	0.152546	-0.001800
12	-	31	-0.055693	0.952925	-0.097947
13	-	31	-0.039157	0.999999	-0.072268
14	-	31	-0.019868	0.956424	-0.035071
15	-	31	-0.028001	0.999467	-0.051650
16	-	31	-0.033528	0.999991	-0.061879
17	-	31	-0.009384	0.241400	-0.004181
18	-	31	-0.060985	0.996329	-0.112140
19	-	31	-0.046578	1.000000	-0.085963
20	+	31	0.062533	1.000000	0.115410
21	+	31	0.102718	1.000000	0.189574
22	+	31	0.047814	1.000000	0.088245
23	+	31	0.100897	1.000000	0.186214
24	+	31	0.047965	1.000000	0.088524
25	+	31	0.099844	1.000000	0.184269
26	+	31	0.054535	1.000000	0.100648
27	+	31	0.000332	0.102431	0.000063
28	+	31	0.056354	1.000000	0.104005
29	+	31	0.046041	1.000000	0.084972
30	+	31	0.004632	0.116055	0.000992
31	+	31	0.086384	1.000000	0.159428
32	+	31	0.044434	1.000000	0.082007
33	+	31	0.019072	0.934144	0.032880
34	+	31	0.028435	0.999775	0.052467
35	+	31	0.034413	0.999996	0.063512
36	+	31	0.008660	0.221094	0.003534
37	+	31	0.062825	1.000000	0.115949
38	+	31	0.055303	1.000000	0.102067
1	+	32	0.035684	0.227972	0.015014
2	+	32	0.079136	0.460985	0.067328
3	+	32	0.000295	0.110495	0.000060
4	+	32	0.071802	0.435602	0.057724
5	+	32	0.006979	0.091700	0.001181
6	+	32	0.020892	0.429498	0.016560
7	+	32	0.020033	0.041063	0.001518
8	-	32	-0.024258	0.075600	-0.003385
9	-	32	-0.088864	0.322080	-0.052823
10	+	32	0.153639	0.000037	0.000011
11	-	32	-0.033045	0.130826	-0.007979
12	+	32	0.037600	0.408684	0.028360
13	+	32	0.201186	0.000042	0.000016
14	+	32	0.001301	0.108839	0.000261
15	+	32	0.033113	0.077680	0.004747
16	+	32	0.061909	0.025726	0.002939
17	-	32	-0.297476	1.000000	-0.549016
18	+	32	0.030350	0.312101	0.017482
19	-	32	-0.020656	0.259726	-0.009901
20	+	32	0.228869	0.709495	0.299687
21	+	32	0.247161	0.897277	0.409297
22	+	32	0.133791	0.000000	0.000000
23	+	32	0.244673	0.877908	0.396430
24	+	32	0.152766	0.000000	0.000000
25	+	32	0.159151	0.138657	0.040727
26	+	32	0.159979	0.000000	0.000000
27	-	32	-0.059344	0.623427	-0.068280
28	-	32	-0.088516	0.972166	-0.158816
29	+	32	0.378122	0.000000	0.000000
30	-	32	-0.053001	0.706684	-0.069127
31	+	32	0.186617	0.285625	0.098374
32	+	32	0.480817	0.000000	0.000000
33	+	32	0.176486	0.000005	0.000002
34	+	32	0.267679	0.000000	0.000000
35	+	32	0.286699	0.000000	0.000000
36	-	32	-0.173003	1.000000	-0.319290
37	+	32	0.193216	0.325565	0.116095
38	+	32	0.070182	0.000001	0.000000
1	-	33	-0.019081	0.218460	-0.007693
2	-	33	-0.075324	0.472734	-0.065718
3	-	33	-0.154464	0.999997	-0.285075
4	+	33	0.041726	0.423644	0.032624
5	-	33	-0.124493	0.997353	-0.229154
6	-	33	-0.059242	0.454240	-0.049665
7	-	33	-0.022714	0.145499	-0.006099
8	-	33	-0.003421	0.137760	-0.000870
9	-	33	-0.020600	0.240086	-0.009128
10	-	33	-0.014999	0.103024	-0.002852
11	-	33	-0.003666	0.108362	-0.000733
12	-	33	-0.017505	0.403816	-0.013046
13	-	33	-0.013509	0.100998	-0.002518
14	+	33	0.024653	0.206274	0.009385
15	-	33	-0.026777	0.160701	-0.007942
16	-	33	-0.014959	0.091133	-0.002516
17	+	33	0.003985	0.086700	0.000638
18	-	33	-0.127005	0.493339	-0.115638
19	-	33	-0.017527	0.190139	-0.006150
20	+	33	0.028620	0.270380	0.014282
21	+	33	0.011868	0.314483	0.006888
22	-	33	-0.075264	0.895108	-0.124336
23	+	33	0.183338	0.999936	0.338344
24	-	33	-0.066645	0.732197	-0.090059
25	+	33	0.025762	0.353985	0.016831
26	+	33	0.085174	0.834352	0.131156
27	+	33	0.282424	1.000000	0.521236
28	+	33	0.030360	0.294476	0.016500
29	+	33	0.015542	0.125786	0.003608
30	+	33	0.151792	0.999995	0.280142
31	+	33	0.071158	0.693383	0.091060
32	+	33	0.020229	0.132931	0.004963
33	+	33	0.440056	1.000000	0.812159
34	+	33	0.200224	1.000000	0.369529
35	-	33	-0.008550	0.109534	-0.001728
36	+	33	0.065964	0.425430	0.051793
37	-	33	-0.092251	0.834262	-0.142038
38	+	33	0.187060	1.000000	0.345234
1	-	34	-0.008325	0.207562	-0.003189
2	-	34	-0.078651	0.476130	-0.069114
3	-	34	-0.005075	0.104541	-0.000979
4	+	34	0.030164	0.416154	0.023167
5	-	34	-0.018062	0.105113	-0.003504
6	+	34	0.119607	0.528879	0.116747
7	-	34	-0.013577	0.185582	-0.004650
8	-	34	-0.020350	0.085030	-0.003193
9	+	34	0.006811	0.226788	0.002851
10	-	34	-0.008594	0.102133	-0.001620
11	-	34	-0.004085	0.085393	-0.000644
12	-	34	-0.058178	0.429640	-0.046132
13	-	34	-0.013522	0.115652	-0.002886
14	-	34	-0.011685	0.149670	-0.003228
15	+	34	0.049582	0.372524	0.034089
16	-	34	-0.293205	1.000000	-0.541133
17	-	34	-0.025792	0.109821	-0.005228
18	-	34	-0.050517	0.333974	-0.031138
19	-	34	-0.017794	0.135101	-0.004437
20	+	34	0.040895	0.341865	0.025802
21	-	34	-0.010889	0.345596	-0.006945
22	+	34	0.057911	0.377145	0.040309
23	+	34	0.135786	0.994052	0.249114
24	-	34	-0.008030	0.117112	-0.001736
25	+	34	0.380287	1.000000	0.701851
26	+	34	0.190878	1.000000	0.352281
27	-	34	-0.090468	0.740165	-0.123582
28	+	34	0.089028	0.809703	0.133041
29	+	34	0.038139	0.200967	0.014146
30	+	34	0.083811	0.661276	0.102286
31	+	34	0.002254	0.319580	0.001329
32	+	34	0.075479	0.681566	0.094944
33	+	34	0.209929	1.000000	0.387442
34	+	34	0.478965	1.000000	0.883967
35	-	34	-0.147675	0.999998	-0.272546
36	-	34	-0.092873	0.782182	-0.134070
37	-	34	-0.022689	0.322981	-0.013524
38	+	34	0.070371	0.621831	0.080760
1	-	35	-0.047791	0.281254	-0.024807
2	+	35	0.040438	0.450269	0.033605
3	-	35	-0.014652	0.144058	-0.003895
4	-	35	-0.032907	0.421794	-0.025617
5	-	35	-0.012605	0.131044	-0.003049
6	-	35	-0.097235	0.527574	-0.094676
7	-	35	-0.012460	0.151694	-0.003488
8	-	35	-0.007506	0.041809	-0.000579
9	-	35	-0.069931	0.363169	-0.046872
10	-	35	-0.010444	0.101343	-0.001953
11	-	35	-0.002450	0.111727	-0.000505
12	-	35	-0.133853	0.593974	-0.146733
13	-	35	-0.015168	0.121790	-0.003409
14	-	35	-0.005802	0.078019	-0.000835
15	-	35	-0.254933	1.000000	-0.470500
16	+	35	0.055915	0.587958	0.060674
17	-	35	-0.007888	0.061670	-0.000898
18	+	35	0.030660	0.328735	0.018601
19	+	35	0.009515	0.204768	0.003596
20	-	35	-0.054214	0.530156	-0.053045
21	+	35	0.142732	0.999498	0.263290
22	+	35	0.116232	0.999988	0.214513
23	+	35	0.027054	0.368348	0.018392
24	+	35	0.095362	0.997431	0.175547
25	-	35	-0.027087	0.380125	-0.019003
26	+	35	0.097636	0.998161	0.179863
27	-	35	-0.017857	0.109380	-0.003605
28	-	35	-0.088627	0.904240	-0.147905
29	+	35	0.018184	0.139138	0.004670
30	+	35	0.100803	0.999190	0.185889
31	-	35	-0.060019	0.688125	-0.076224
32	+	35	0.063627	0.734098	0.086204
33	+	35	0.004200	0.102543	0.000795
34	-	35	-0.108245	0.999927	-0.199759
35	+	35	0.477627	1.000000	0.881500
36	-	35	-0.007270	0.101022	-0.001355
37	+	35	0.157149	0.999780	0.289967
38	+	35	0.193449	1.000000	0.357026
1	-	36	-0.037187	0.256764	-0.017622
2	-	36	-0.048508	0.463239	-0.041472
3	-	36	-0.017664	0.118877	-0.003875
4	-	36	-0.029310	0.421957	-0.022825
5	-	36	-0.016131	0.113013	-0.003364
6	-	36	-0.004630	0.428921	-0.003665
7	-	36	-0.040802	0.243321	-0.018323
8	-	36	-0.051130	0.290025	-0.027368
9	-	36	-0.007669	0.238990	-0.003383
10	-	36	-0.186742	1.000000	-0.344647
11	-	36	-0.039510	0.249891	-0.018222
12	-	36	-0.012076	0.404809	-0.009022
13	-	36	-0.135429	1.000000	-0.249945
14	-	36	-0.013565	0.100176	-0.002508
15	-	36	-0.015051	0.099993	-0.002778
16	-	36	-0.010490	0.088291	-0.001709
17	-	36	-0.013717	0.214003	-0.005418
18	-	36	-0.028359	0.324410	-0.016979
19	-	36	-0.039669	0.233547	-0.017099
20	+	36	0.025213	0.338212	0.015738
21	+	36	0.101996	0.997401	0.187752
22	+	36	0.045207	0.389871	0.032528
23	+	36	0.134607	0.999952	0.248415
24	+	36	0.034330	0.240409	0.015232
25	+	36	0.231477	1.000000	0.427209
26	+	36	0.069870	0.841474	0.108508
27	-	36	-0.087747	0.985227	-0.159551
28	+	36	0.138103	0.999958	0.254870
29	-	36	-0.013533	0.310848	-0.007764
30	+	36	0.186793	1.000000	0.344741
31	+	36	0.190130	1.000000	0.350901
32	-	36	-0.014555	0.262337	-0.007047
33	+	36	0.061395	0.689181	0.078091
34	-	36	-0.019248	0.140762	-0.005000
35	-	36	-0.007654	0.108039	-0.001526
36	+	36	0.430541	1.000000	0.794598
37	+	36	0.093935	0.989390	0.171525
38	+	36	0.060640	0.696192	0.077915
1	-	37	-0.023428	0.450097	-0.019461
2	-	37	-0.049040	0.715017	-0.064714
3	-	37	-0.030504	0.994116	-0.055967
4	-	37	-0.067827	0.865083	-0.108292
5	-	37	-0.031325	0.996488	-0.057609
6	-	37	-0.047826	0.703746	-0.062118
7	-	37	-0.039766	0.997089	-0.073178
8	-	37	-0.003763	0.061246	-0.000425
9	-	37	-0.033965	0.638123	-0.040001
10	-	37	-0.030000	0.964740	-0.053414
11	-	37	-0.010801	0.199266	-0.003972
12	-	37	-0.054934	0.771982	-0.078267
13	-	37	-0.027112	0.955333	-0.047802
14	-	37	-0.013359	0.277842	-0.006850
15	-	37	-0.005552	0.113787	-0.001166
16	-	37	-0.005927	0.127041	-0.001390
17	-	37	-0.006575	0.104026	-0.001262
18	-	37	-0.030318	0.547565	-0.030638
19	-	37	-0.044470	0.999922	-0.082066
20	+	37	0.086391	1.000000	0.159441
21	+	37	0.143655	1.000000	0.265126
22	+	37	0.030455	0.735562	0.041343
23	+	37	0.082494	1.000000	0.152249
24	+	37	0.030741	0.763135	0.043297
25	+	37	0.145657	1.000000	0.268822
26	+	37	0.054870	0.999543	0.101220
27	+	37	0.014170	0.175540	0.004591
28	+	37	0.057331	1.000000	0.105809
29	+	37	0.047108	0.996729	0.086656
30	-	37	-0.000880	0.121162	-0.000197
31	+	37	0.098606	1.000000	0.181985
32	+	37	0.033650	0.757933	0.047070
33	+	37	0.027740	0.786539	0.040268
34	+	37	0.003408	0.087154	0.000548
35	+	37	0.006688	0.077379	0.000955
36	+	37	0.012627	0.151903	0.003540
37	+	37	0.130409	1.000000	0.240681
38	+	37	0.050689	0.999381	0.093493
1	+	38	0.022374	0.210626	0.008697
2	+	38	0.052363	0.448481	0.043341
3	+	38	0.069128	0.013043	0.001664
4	-	38	-0.012312	0.409322	-0.009301
5	+	38	0.015797	0.070311	0.002050
6	+	38	0.066551	0.456808	0.056107
7	+	38	0.130962	0.000045	0.000011
8	-	38	-0.001691	0.038655	-0.000121
9	+	38	0.001021	0.221657	0.000418
10	+	38	0.034683	0.021385	0.001369
11	+	38	0.010650	0.091967	0.001808
12	+	38	0.094489	0.464866	0.081067
13	-	38	-0.009539	0.138982	-0.002447
14	+	38	0.061893	0.103259	0.011795
15	+	38	0.064654	0.068620	0.008188
16	+	38	0.117569	0.066077	0.014338
17	+	38	0.017184	0.095676	0.003034
18	-	38	-0.001745	0.300405	-0.000968
19	+	38	0.253967	0.029355	0.013759
20	+	38	0.101063	0.094150	0.017561
21	+	38	0.099757	0.114902	0.021155
22	+	38	0.198270	0.000000	0.000000
23	+	38	0.027594	0.143067	0.007286
24	+	38	0.098644	0.000000	0.000000
25	+	38	0.116802	0.168608	0.036346
26	+	38	0.248103	0.000000	0.000000
27	+	38	0.008312	0.076285	0.001170
28	+	38	0.042886	0.086903	0.006878
29	+	38	0.168860	0.000000	0.000000
30	+	38	0.127358	0.001772	0.000416
31	+	38	0.158336	0.532536	0.155618
32	+	38	0.037477	0.002053	0.000142
33	+	38	0.250057	0.728029	0.335985
34	+	38	0.222023	0.000108	0.000044
35	+	38	0.274388	0.002169	0.001098
36	+	38	0.099984	0.008273	0.001527
37	+	38	0.038023	0.104295	0.007319
38	+	38	0.384435	0.000003	0.000002
