Parent	Type	Child	Weight	Probability	Score
1	+	1	0.356648	1.000000	0.556617
2	+	1	0.055640	0.283977	0.024660
3	+	1	0.046660	0.186341	0.013570
4	+	1	0.017774	0.114501	0.003176
5	-	1	-0.027910	0.134165	-0.005844
6	-	1	-0.001968	0.108001	-0.000332
7	+	1	0.078076	0.490067	0.059716
8	+	1	0.016714	0.097173	0.002535
9	+	1	0.250884	1.000000	0.391553
10	-	1	-0.004810	0.132541	-0.000995
11	-	1	-0.012504	0.126132	-0.002461
12	+	1	0.002506	0.100878	0.000395
13	+	1	0.041879	0.188907	0.012347
14	-	1	-0.001081	0.142620	-0.000241
15	+	1	0.018795	0.107399	0.003150
16	-	1	-0.046840	0.427945	-0.031284
17	-	1	-0.012883	0.097358	-0.001957
18	+	1	0.049909	0.195969	0.015265
19	+	1	0.040150	0.143992	0.009023
20	+	1	0.188202	1.000000	0.293726
21	+	1	0.102777	0.946306	0.151790
22	+	1	0.175477	0.999958	0.273854
23	+	1	0.029738	0.126471	0.005870
24	-	1	-0.211877	1.000000	-0.330674
25	-	1	-0.008277	0.138948	-0.001795
26	+	1	0.096983	0.818537	0.123894
27	+	1	0.022795	0.099844	0.003552
28	+	1	0.153159	0.999983	0.239029
29	-	1	-0.167338	1.000000	-0.261163
30	-	1	-0.124382	0.999995	-0.194121
31	+	1	0.000054	0.119956	0.000010
32	+	1	0.105419	0.972829	0.160056
33	-	1	-0.129656	1.000000	-0.202353
34	+	1	0.020770	0.100685	0.003264
35	-	1	-0.098204	0.929100	-0.142399
36	-	1	-0.057570	0.485919	-0.043660
37	+	1	0.100001	0.855499	0.133519
38	+	1	0.055252	0.149234	0.012869
1	+	2	0.008134	0.079514	0.001009
2	+	2	0.239216	1.000000	0.373342
3	-	2	-0.001915	0.046829	-0.000140
4	+	2	0.270813	1.000000	0.422655
5	+	2	0.006828	0.048758	0.000520
6	+	2	0.211564	1.000000	0.330186
7	+	2	0.005104	0.107503	0.000856
8	+	2	0.007872	0.089545	0.001100
9	+	2	0.002102	0.086754	0.000285
10	+	2	0.004707	0.059166	0.000435
11	+	2	0.000959	0.056459	0.000085
12	+	2	0.221219	1.000000	0.345254
13	+	2	0.005863	0.105767	0.000968
14	+	2	0.009543	0.086713	0.001291
15	+	2	0.043993	0.057235	0.003930
16	-	2	-0.056718	0.464371	-0.041106
17	-	2	-0.004588	0.087931	-0.000630
18	+	2	0.065913	0.315051	0.032409
19	+	2	0.038208	0.057789	0.003446
20	+	2	0.007241	0.078733	0.000890
21	+	2	0.085418	0.210752	0.028095
22	-	2	-0.016318	0.153421	-0.003907
23	+	2	0.090343	0.309373	0.043621
24	+	2	0.013724	0.096785	0.002073
25	+	2	0.079002	0.128372	0.015828
26	-	2	-0.051987	0.994696	-0.080705
27	-	2	-0.038604	0.885672	-0.053361
28	-	2	-0.010954	0.199862	-0.003417
29	+	2	0.009183	0.080477	0.001153
30	-	2	-0.002818	0.099020	-0.000435
31	+	2	0.082675	0.182809	0.023588
32	-	2	-0.060932	0.995803	-0.094697
33	-	2	-0.039219	0.900416	-0.055113
34	+	2	0.046613	0.003163	0.000230
35	-	2	-0.141518	0.999993	-0.220865
36	-	2	-0.037732	0.609198	-0.035874
37	+	2	0.070469	0.033554	0.003690
38	+	2	0.039665	0.005423	0.000336
1	+	3	0.041511	0.510442	0.033069
2	+	3	0.003889	0.104878	0.000637
3	+	3	0.473115	1.000000	0.738385
4	+	3	0.004257	0.103546	0.000688
5	+	3	0.115471	0.988736	0.178185
6	+	3	0.003024	0.107250	0.000506
7	+	3	0.021087	0.153128	0.005039
8	+	3	0.013110	0.110862	0.002268
9	+	3	0.017847	0.135759	0.003781
10	+	3	0.117402	1.000000	0.183229
11	+	3	0.003367	0.104923	0.000551
12	+	3	0.008014	0.100836	0.001261
13	+	3	0.010497	0.117205	0.001920
14	+	3	0.016766	0.159223	0.004166
15	+	3	0.015436	0.149831	0.003610
16	+	3	0.230402	0.939235	0.337735
17	+	3	0.060643	0.677655	0.064137
18	+	3	0.008027	0.090506	0.001134
19	+	3	0.069826	0.977565	0.106531
20	+	3	0.024564	0.262371	0.010058
21	-	3	-0.025549	0.223142	-0.008897
22	+	3	0.040929	0.594346	0.037965
23	-	3	-0.023454	0.200731	-0.007348
24	+	3	0.078354	0.975419	0.119280
25	-	3	-0.032383	0.324316	-0.016391
26	-	3	-0.011751	0.148906	-0.002731
27	+	3	0.005834	0.117628	0.001071
28	+	3	0.005489	0.123050	0.001054
29	+	3	0.051597	0.860630	0.069304
30	-	3	-0.078685	0.996766	-0.122406
31	-	3	-0.007835	0.123719	-0.001513
32	-	3	-0.056624	0.855398	-0.075594
33	-	3	-0.072508	0.995708	-0.112677
34	-	3	-0.052977	0.797458	-0.065934
35	+	3	0.027443	0.361786	0.015495
36	+	3	0.047565	0.634393	0.047093
37	-	3	-0.000932	0.107352	-0.000156
38	+	3	0.016122	0.224516	0.005649
1	+	4	0.000730	0.089617	0.000102
2	+	4	0.235537	1.000000	0.367600
3	+	4	0.000127	0.043353	0.000009
4	+	4	0.254078	1.000000	0.396537
5	+	4	0.013203	0.061126	0.001260
6	+	4	0.216850	1.000000	0.338436
7	+	4	0.005348	0.124290	0.001037
8	+	4	0.005271	0.101059	0.000831
9	+	4	0.016919	0.124875	0.003297
10	+	4	0.010066	0.079901	0.001255
11	+	4	0.005179	0.059949	0.000485
12	+	4	0.237051	1.000000	0.369963
13	+	4	0.003200	0.109028	0.000544
14	+	4	0.003774	0.089275	0.000526
15	+	4	0.024178	0.161979	0.006112
16	+	4	0.028894	0.420829	0.018977
17	-	4	-0.004744	0.074800	-0.000554
18	+	4	0.085811	0.996112	0.133404
19	+	4	0.029770	0.203736	0.009466
20	-	4	-0.012264	0.122695	-0.002348
21	+	4	0.031638	0.395401	0.019524
22	-	4	-0.010719	0.101042	-0.001690
23	+	4	0.033290	0.435161	0.022609
24	+	4	0.022290	0.147839	0.005143
25	+	4	0.029566	0.352280	0.016255
26	-	4	-0.044762	0.556929	-0.038907
27	-	4	-0.033943	0.280258	-0.014847
28	+	4	0.024117	0.189567	0.007135
29	+	4	0.021924	0.146569	0.005015
30	+	4	0.010724	0.101922	0.001706
31	+	4	0.031948	0.401696	0.020029
32	-	4	-0.059683	0.897047	-0.083557
33	-	4	-0.019698	0.150634	-0.004631
34	+	4	0.007601	0.134714	0.001598
35	-	4	-0.023683	0.268505	-0.009925
36	-	4	-0.029726	0.215352	-0.009991
37	+	4	0.042865	0.571127	0.038208
38	+	4	0.010452	0.145104	0.002367
1	-	5	-0.004181	0.135060	-0.000881
2	+	5	0.000571	0.096512	0.000086
3	+	5	0.041351	0.486091	0.031370
4	+	5	0.002785	0.098557	0.000428
5	+	5	0.388949	1.000000	0.607029
6	+	5	0.003849	0.102398	0.000615
7	+	5	0.004293	0.110250	0.000739
8	+	5	0.012678	0.138660	0.002744
9	-	5	-0.004973	0.136937	-0.001063
10	+	5	0.000674	0.067067	0.000071
11	-	5	-0.004528	0.137609	-0.000972
12	+	5	0.001162	0.092434	0.000168
13	+	5	0.004600	0.104108	0.000747
14	+	5	0.001823	0.088640	0.000252
15	+	5	0.020928	0.240989	0.007871
16	-	5	-0.061572	0.535180	-0.051428
17	+	5	0.008217	0.080349	0.001030
18	+	5	0.011743	0.124247	0.002277
19	+	5	0.002182	0.108253	0.000369
20	-	5	-0.062188	0.999657	-0.097023
21	+	5	0.000734	0.116312	0.000133
22	+	5	0.088044	1.000000	0.137409
23	+	5	0.005622	0.122979	0.001079
24	+	5	0.126692	0.999999	0.197726
25	+	5	0.007980	0.131955	0.001643
26	-	5	-0.002676	0.127912	-0.000534
27	+	5	0.031825	0.572713	0.028446
28	-	5	-0.063561	0.999735	-0.099172
29	-	5	-0.003214	0.098774	-0.000496
30	-	5	-0.066409	0.999984	-0.103643
31	+	5	0.001925	0.113804	0.000342
32	+	5	0.025254	0.370623	0.014607
33	+	5	0.003193	0.110129	0.000549
34	+	5	0.030684	0.642269	0.030758
35	-	5	-0.129220	0.999991	-0.201671
36	+	5	0.018231	0.160829	0.004576
37	+	5	0.027464	0.375746	0.016106
38	-	5	-0.009380	0.144542	-0.002116
1	-	6	-0.002638	0.104531	-0.000430
2	+	6	0.146852	0.999959	0.229181
3	+	6	0.001161	0.042495	0.000077
4	+	6	0.217009	1.000000	0.338684
5	+	6	0.008673	0.053564	0.000725
6	+	6	0.308135	1.000000	0.480904
7	+	6	0.008585	0.090401	0.001211
8	+	6	0.005281	0.078968	0.000651
9	+	6	0.023256	0.070790	0.002569
10	+	6	0.006786	0.066819	0.000708
11	+	6	0.002722	0.055217	0.000235
12	+	6	0.265996	1.000000	0.415137
13	+	6	0.007058	0.108120	0.001191
14	+	6	0.003665	0.076155	0.000436
15	+	6	0.016639	0.061521	0.001598
16	-	6	-0.042908	0.447525	-0.029969
17	-	6	-0.004120	0.081586	-0.000525
18	+	6	0.070550	0.319394	0.035167
19	+	6	0.038867	0.033340	0.002022
20	-	6	-0.029464	0.751656	-0.034564
21	+	6	0.053981	0.013155	0.001108
22	-	6	-0.002699	0.098733	-0.000416
23	+	6	0.068491	0.018159	0.001941
24	+	6	0.018403	0.091578	0.002630
25	+	6	0.079549	0.033622	0.004174
26	-	6	-0.053490	0.999545	-0.083443
27	-	6	-0.013612	0.304214	-0.006463
28	+	6	0.047115	0.004328	0.000318
29	+	6	0.015006	0.072923	0.001708
30	+	6	0.004619	0.081974	0.000591
31	+	6	0.075299	0.029125	0.003423
32	-	6	-0.062947	0.999750	-0.098216
33	+	6	0.002144	0.091654	0.000307
34	+	6	0.010319	0.044786	0.000721
35	-	6	-0.124859	0.999989	-0.194864
36	-	6	-0.031030	0.527713	-0.025556
37	+	6	0.056916	0.004060	0.000361
38	+	6	0.033979	0.001756	0.000093
1	+	7	0.117743	0.351588	0.064608
2	+	7	0.044238	0.124339	0.008585
3	+	7	0.004306	0.049625	0.000333
4	-	7	-0.006538	0.104812	-0.001069
5	+	7	0.041351	0.098804	0.006376
6	+	7	0.020522	0.099012	0.003171
7	+	7	0.330991	1.000000	0.516574
8	+	7	0.012807	0.079453	0.001588
9	+	7	0.021916	0.085622	0.002929
10	+	7	0.006964	0.060159	0.000654
11	+	7	0.033452	0.097273	0.005079
12	-	7	-0.009906	0.106124	-0.001641
13	+	7	0.052160	0.113859	0.009269
14	+	7	0.117141	0.096453	0.017634
15	+	7	0.151167	0.126103	0.029751
16	+	7	0.044720	0.417636	0.029149
17	+	7	0.024024	0.081685	0.003063
18	-	7	-0.007283	0.098863	-0.001124
19	+	7	0.212926	0.976036	0.324348
20	+	7	0.129705	0.003182	0.000644
21	+	7	0.086609	0.051364	0.006943
22	-	7	-0.007861	0.108858	-0.001336
23	-	7	-0.031743	0.286467	-0.014192
24	+	7	0.094486	0.180260	0.026582
25	+	7	0.031876	0.064790	0.003223
26	+	7	0.159323	0.000014	0.000003
27	+	7	0.011279	0.076232	0.001342
28	+	7	0.021705	0.058243	0.001973
29	+	7	0.010108	0.080601	0.001271
30	+	7	0.051391	0.055612	0.004460
31	-	7	-0.044526	0.410387	-0.028519
32	+	7	0.122528	0.013900	0.002658
33	+	7	0.126458	0.000086	0.000017
34	+	7	0.089421	0.000084	0.000012
35	-	7	-0.086089	0.797392	-0.107136
36	+	7	0.023702	0.079320	0.002934
37	-	7	-0.064794	0.758425	-0.076695
38	+	7	0.113872	0.000015	0.000003
1	+	8	0.243613	0.000001	0.000001
2	+	8	0.006727	0.092022	0.000966
3	-	8	-0.009071	0.059988	-0.000849
4	+	8	0.005130	0.094129	0.000754
5	+	8	0.057036	0.114848	0.010223
6	+	8	0.039712	0.052164	0.003233
7	+	8	0.151496	0.000000	0.000000
8	+	8	0.346840	0.000000	0.000000
9	+	8	0.207190	0.000006	0.000002
10	+	8	0.065464	0.053471	0.005463
11	-	8	-0.024813	0.166974	-0.006466
12	+	8	0.018892	0.072672	0.002143
13	+	8	0.147229	0.001170	0.000269
14	-	8	-0.005258	0.109663	-0.000900
15	+	8	0.058291	0.000278	0.000025
16	-	8	-0.092204	0.450351	-0.064806
17	-	8	-0.112491	0.800796	-0.140591
18	+	8	0.119712	0.002650	0.000495
19	+	8	0.120659	0.000000	0.000000
20	+	8	0.216081	0.000000	0.000000
21	+	8	0.026305	0.011737	0.000482
22	-	8	-0.028878	0.317728	-0.014320
23	+	8	0.023089	0.016513	0.000595
24	+	8	0.200185	0.000550	0.000172
25	+	8	0.079665	0.000004	0.000000
26	+	8	0.151579	0.000000	0.000000
27	+	8	0.254853	0.000000	0.000000
28	+	8	0.196324	0.000000	0.000000
29	+	8	0.168712	0.000000	0.000000
30	-	8	-0.139392	1.000000	-0.217547
31	+	8	0.045817	0.001377	0.000098
32	+	8	0.197158	0.000000	0.000000
33	+	8	0.003352	0.076564	0.000401
34	+	8	0.088648	0.000000	0.000000
35	-	8	-0.104564	0.990249	-0.161601
36	-	8	-0.196645	1.000000	-0.306902
37	+	8	0.176835	0.000000	0.000000
38	+	8	0.130673	0.000000	0.000000
1	+	9	0.323426	1.000000	0.504768
2	-	9	-0.021172	0.140070	-0.004628
3	+	9	0.039900	0.152516	0.009497
4	+	9	0.063783	0.304880	0.030350
5	-	9	-0.023499	0.127991	-0.004694
6	-	9	-0.012618	0.120434	-0.002372
7	+	9	0.052008	0.133608	0.010845
8	+	9	0.046091	0.137389	0.009883
9	+	9	0.299525	1.000000	0.467466
10	-	9	-0.000497	0.130180	-0.000101
11	-	9	-0.010366	0.132035	-0.002136
12	+	9	0.047025	0.181989	0.013356
13	+	9	0.033069	0.133794	0.006905
14	+	9	0.004989	0.126912	0.000988
15	+	9	0.074707	0.272321	0.031751
16	+	9	0.018835	0.409188	0.012028
17	-	9	-0.008924	0.088152	-0.001228
18	+	9	0.047756	0.162862	0.012139
19	+	9	0.028698	0.098337	0.004404
20	+	9	0.153760	0.999881	0.239943
21	-	9	-0.059648	0.689021	-0.064142
22	+	9	0.150025	0.997483	0.233554
23	+	9	0.106339	0.813554	0.135019
24	-	9	-0.198485	1.000000	-0.309774
25	-	9	-0.037058	0.347682	-0.020109
26	+	9	0.059092	0.052180	0.004812
27	+	9	0.076935	0.153987	0.018489
28	+	9	0.145887	0.999407	0.227550
29	-	9	-0.164732	1.000000	-0.257095
30	-	9	-0.130886	1.000000	-0.204273
31	+	9	0.081932	0.373797	0.047798
32	+	9	0.078789	0.353447	0.043462
33	-	9	-0.112442	0.999995	-0.175486
34	+	9	0.082428	0.107767	0.013864
35	-	9	-0.024572	0.330358	-0.012669
36	-	9	-0.045202	0.353015	-0.024904
37	+	9	0.088953	0.429152	0.059578
38	+	9	0.029186	0.061677	0.002809
1	-	10	-0.046853	0.656342	-0.047994
2	+	10	0.012563	0.101026	0.001981
3	+	10	0.123620	0.841643	0.162380
4	+	10	0.002827	0.099785	0.000440
5	-	10	-0.045013	0.187314	-0.013159
6	+	10	0.011290	0.101163	0.001783
7	+	10	0.008351	0.086597	0.001129
8	+	10	0.022844	0.070562	0.002516
9	-	10	-0.062676	0.903275	-0.088356
10	+	10	0.392358	1.000000	0.612349
11	-	10	-0.010966	0.093377	-0.001598
12	-	10	-0.001567	0.099250	-0.000243
13	+	10	0.036118	0.093436	0.005267
14	+	10	0.020354	0.072910	0.002316
15	-	10	-0.000489	0.109162	-0.000083
16	+	10	0.010560	0.406496	0.006700
17	-	10	-0.096812	0.896377	-0.135437
18	-	10	-0.027973	0.216960	-0.009472
19	+	10	0.055898	0.015403	0.001344
20	-	10	-0.121946	1.000000	-0.190320
21	+	10	0.044372	0.034616	0.002397
22	+	10	0.333142	1.000000	0.519931
23	+	10	0.019251	0.065492	0.001968
24	-	10	-0.188653	1.000000	-0.294428
25	+	10	0.040009	0.037713	0.002355
26	+	10	0.035916	0.004498	0.000252
27	+	10	0.069305	0.001128	0.000122
28	-	10	-0.145619	1.000000	-0.227266
29	+	10	0.356709	1.000000	0.556712
30	-	10	-0.045307	0.613583	-0.043387
31	+	10	0.008349	0.089961	0.001172
32	+	10	0.138034	0.004450	0.000959
33	+	10	0.104267	0.000018	0.000003
34	+	10	0.010312	0.055761	0.000897
35	+	10	0.023475	0.166656	0.006106
36	-	10	-0.191035	1.000000	-0.298147
37	-	10	-0.100273	0.999929	-0.156484
38	+	10	0.111749	0.000000	0.000000
1	-	11	-0.022038	0.119757	-0.004119
2	+	11	0.007249	0.102316	0.001157
3	-	11	-0.004185	0.053259	-0.000348
4	+	11	0.001668	0.101364	0.000264
5	-	11	-0.059849	0.180098	-0.016822
6	-	11	-0.003717	0.104587	-0.000607
7	+	11	0.058085	0.272021	0.024659
8	-	11	-0.097975	0.635638	-0.097195
9	-	11	-0.049612	0.194883	-0.015090
10	+	11	0.005626	0.063873	0.000561
11	+	11	0.128676	0.733178	0.147239
12	-	11	-0.023421	0.126118	-0.004610
13	-	11	-0.010627	0.112456	-0.001865
14	+	11	0.036159	0.190522	0.010752
15	+	11	0.034642	0.167192	0.009039
16	+	11	0.174599	0.536609	0.146223
17	+	11	0.067727	0.207450	0.021928
18	-	11	-0.035861	0.147617	-0.008262
19	+	11	0.053440	0.244845	0.020421
20	-	11	-0.068355	0.318468	-0.033974
21	+	11	0.001964	0.121532	0.000373
22	-	11	-0.012055	0.102680	-0.001932
23	-	11	-0.011535	0.124368	-0.002239
24	-	11	-0.275700	1.000000	-0.430282
25	-	11	-0.025397	0.139250	-0.005519
26	+	11	0.158074	0.999675	0.246624
27	-	11	-0.218928	1.000000	-0.341678
28	-	11	-0.140094	0.992770	-0.217062
29	+	11	0.019716	0.103689	0.003191
30	+	11	0.346241	1.000000	0.540374
31	-	11	-0.098878	0.713121	-0.110048
32	-	11	-0.103465	0.783510	-0.126519
33	+	11	0.195378	1.000000	0.304925
34	+	11	0.115554	0.940666	0.169643
35	+	11	0.183948	0.986215	0.283129
36	+	11	0.170727	0.998947	0.266172
37	-	11	-0.162201	0.999081	-0.252914
38	+	11	0.146707	0.998563	0.228635
1	+	12	0.012107	0.085082	0.001608
2	+	12	0.172360	1.000000	0.269001
3	+	12	0.012902	0.077246	0.001555
4	+	12	0.203136	1.000000	0.317033
5	-	12	-0.003429	0.060082	-0.000322
6	+	12	0.261926	1.000000	0.408785
7	+	12	0.043067	0.024454	0.001644
8	+	12	0.016302	0.062567	0.001592
9	+	12	0.012185	0.070813	0.001347
10	+	12	0.003420	0.058460	0.000312
11	-	12	-0.000492	0.065476	-0.000050
12	+	12	0.338662	1.000000	0.528546
13	+	12	0.007485	0.110319	0.001289
14	+	12	0.010673	0.076372	0.001272
15	+	12	0.025105	0.042400	0.001661
16	+	12	0.042395	0.442567	0.029282
17	-	12	-0.002599	0.084573	-0.000343
18	+	12	0.047163	0.081890	0.006028
19	+	12	0.010041	0.072174	0.001131
20	-	12	-0.070659	0.999995	-0.110276
21	+	12	0.051282	0.006691	0.000536
22	+	12	0.039866	0.100853	0.006275
23	+	12	0.057054	0.006133	0.000546
24	-	12	-0.043179	0.621613	-0.041889
25	+	12	0.063211	0.005622	0.000555
26	+	12	0.030163	0.001821	0.000086
27	+	12	0.015540	0.030835	0.000748
28	-	12	-0.005708	0.174957	-0.001559
29	+	12	0.000820	0.089712	0.000115
30	-	12	-0.015314	0.192113	-0.004592
31	+	12	0.070014	0.007929	0.000866
32	-	12	-0.070543	0.999972	-0.110093
33	-	12	-0.037287	0.952126	-0.055407
34	+	12	0.015495	0.020227	0.000489
35	-	12	-0.006279	0.255800	-0.002507
36	-	12	-0.033553	0.623915	-0.032672
37	+	12	0.052237	0.003158	0.000257
38	-	12	-0.010249	0.315330	-0.005044
1	+	13	0.065273	0.010239	0.001043
2	-	13	-0.085981	0.875059	-0.117424
3	-	13	-0.030607	0.148217	-0.007080
4	-	13	-0.099829	0.957760	-0.149221
5	+	13	0.055321	0.163145	0.014086
6	-	13	-0.142589	0.999688	-0.222467
7	+	13	0.110755	0.000004	0.000001
8	+	13	0.018542	0.049621	0.001436
9	+	13	0.064640	0.012319	0.001243
10	+	13	0.096933	0.126290	0.019106
11	-	13	-0.030290	0.181074	-0.008560
12	-	13	-0.151343	0.999891	-0.236174
13	+	13	0.314117	1.000000	0.490240
14	-	13	-0.000766	0.097698	-0.000117
15	+	13	0.175883	0.000000	0.000000
16	-	13	-0.113327	0.498462	-0.088162
17	-	13	-0.197953	0.999997	-0.308943
18	+	13	0.004278	0.080958	0.000540
19	+	13	0.027479	0.016463	0.000706
20	+	13	0.161576	0.000000	0.000000
21	-	13	-0.071654	0.997537	-0.111554
22	-	13	-0.147790	0.999996	-0.230654
23	-	13	-0.087200	0.999798	-0.136064
24	+	13	0.290475	0.999381	0.453060
25	-	13	-0.118058	1.000000	-0.184253
26	+	13	0.172616	0.000000	0.000000
27	+	13	0.085032	0.000000	0.000000
28	+	13	0.158174	0.000000	0.000000
29	+	13	0.279072	0.003250	0.001415
30	-	13	-0.091672	0.999736	-0.143034
31	-	13	-0.131061	1.000000	-0.204546
32	+	13	0.380836	0.957027	0.568826
33	+	13	0.052134	0.000035	0.000003
34	+	13	0.231934	0.000000	0.000000
35	-	13	-0.049942	0.840773	-0.065533
36	-	13	-0.168812	1.000000	-0.263463
37	+	13	0.031543	0.010412	0.000513
38	+	13	0.090610	0.000000	0.000000
1	-	14	-0.052952	0.271409	-0.022430
2	+	14	0.021834	0.112749	0.003842
3	-	14	-0.032055	0.133850	-0.006696
4	-	14	-0.017632	0.108139	-0.002976
5	+	14	0.005286	0.059943	0.000494
6	+	14	0.067667	0.256538	0.027092
7	+	14	0.108021	0.711504	0.119950
8	+	14	0.003226	0.115229	0.000580
9	-	14	-0.001433	0.103327	-0.000231
10	+	14	0.024975	0.101869	0.003971
11	+	14	0.036849	0.123053	0.007077
12	-	14	-0.021128	0.107644	-0.003550
13	+	14	0.006474	0.075955	0.000767
14	+	14	0.406980	1.000000	0.635169
15	+	14	0.057340	0.201253	0.018010
16	+	14	0.172099	0.537143	0.144273
17	-	14	-0.015804	0.092466	-0.002281
18	+	14	0.154585	0.975163	0.235267
19	+	14	0.099944	0.599507	0.093512
20	-	14	-0.247379	1.000000	-0.386082
21	+	14	0.048507	0.172767	0.013079
22	-	14	-0.240103	1.000000	-0.374727
23	-	14	-0.046010	0.192983	-0.013858
24	-	14	-0.014400	0.121129	-0.002722
25	+	14	0.175391	0.999101	0.273485
26	+	14	0.116703	0.950998	0.173213
27	-	14	-0.118822	0.946683	-0.175557
28	-	14	-0.044436	0.199485	-0.013834
29	+	14	0.107164	0.653029	0.109219
30	+	14	0.114852	0.771865	0.138355
31	-	14	-0.061361	0.254275	-0.024351
32	+	14	0.003926	0.100705	0.000617
33	+	14	0.276697	1.000000	0.431838
34	+	14	0.063541	0.290804	0.028838
35	+	14	0.087943	0.506283	0.069488
36	-	14	-0.109982	0.692527	-0.118871
37	+	14	0.249005	1.000000	0.388620
38	+	14	0.106290	0.874493	0.145066
1	+	15	0.063916	0.089247	0.008903
2	-	15	-0.015102	0.121369	-0.002861
3	+	15	0.000101	0.050844	0.000008
4	+	15	0.038836	0.108381	0.006569
5	+	15	0.035556	0.083466	0.004632
6	+	15	0.000280	0.103449	0.000045
7	+	15	0.213067	0.957348	0.318348
8	+	15	0.010924	0.099156	0.001691
9	+	15	0.092895	0.140718	0.020401
10	+	15	0.018895	0.076215	0.002248
11	+	15	0.031325	0.095723	0.004680
12	+	15	0.083888	0.229084	0.029992
13	+	15	0.088456	0.197521	0.027268
14	+	15	0.107506	0.074396	0.012482
15	+	15	0.315237	1.000000	0.491987
16	+	15	0.234248	0.653339	0.238853
17	-	15	-0.006534	0.072125	-0.000735
18	-	15	-0.006927	0.111651	-0.001207
19	+	15	0.200733	0.847189	0.265409
20	+	15	0.086420	0.007832	0.001056
21	-	15	-0.057907	0.584776	-0.052849
22	-	15	-0.021447	0.141169	-0.004725
23	+	15	0.055732	0.050623	0.004403
24	+	15	0.080391	0.132161	0.016582
25	-	15	-0.019902	0.205578	-0.006385
26	+	15	0.125061	0.000022	0.000004
27	-	15	-0.116937	0.999501	-0.182411
28	+	15	0.114411	0.006353	0.001134
29	+	15	0.048671	0.057331	0.004355
30	+	15	0.072846	0.061263	0.006965
31	+	15	0.128030	0.107817	0.021543
32	+	15	0.142480	0.045114	0.010032
33	+	15	0.126347	0.000176	0.000035
34	+	15	0.166061	0.000017	0.000004
35	+	15	0.051477	0.172503	0.013859
36	-	15	-0.060434	0.430046	-0.040561
37	-	15	-0.116087	0.996820	-0.180600
38	+	15	0.114624	0.000023	0.000004
1	-	16	-0.001678	0.100112	-0.000262
2	-	16	-0.000612	0.095120	-0.000091
3	+	16	0.000923	0.052381	0.000075
4	-	16	-0.000270	0.094161	-0.000040
5	+	16	0.002386	0.066841	0.000249
6	-	16	-0.000672	0.095786	-0.000100
7	+	16	0.000409	0.103672	0.000066
8	-	16	-0.000887	0.094498	-0.000131
9	+	16	0.001103	0.105598	0.000182
10	+	16	0.000704	0.070562	0.000078
11	+	16	0.001074	0.071711	0.000120
12	+	16	0.001026	0.107698	0.000172
13	+	16	0.000493	0.076396	0.000059
14	-	16	-0.000471	0.099372	-0.000073
15	+	16	0.000143	0.102637	0.000023
16	+	16	0.008021	0.432946	0.005420
17	+	16	0.000831	0.058643	0.000076
18	-	16	-0.000356	0.078356	-0.000044
19	+	16	0.001460	0.108246	0.000247
20	-	16	-0.005712	0.253652	-0.002261
21	+	16	0.000034	0.116186	0.000006
22	+	16	0.002958	0.113510	0.000524
23	+	16	0.001196	0.114451	0.000214
24	+	16	0.008258	0.280381	0.003614
25	-	16	-0.000177	0.117328	-0.000032
26	+	16	0.000267	0.121298	0.000051
27	-	16	-0.004788	0.222711	-0.001664
28	+	16	0.009811	0.396470	0.006071
29	+	16	0.004097	0.131297	0.000840
30	+	16	0.003912	0.131533	0.000803
31	+	16	0.008454	0.419697	0.005537
32	+	16	0.002861	0.111550	0.000498
33	-	16	-0.005378	0.278039	-0.002333
34	-	16	-0.000176	0.123467	-0.000034
35	+	16	0.004059	0.228344	0.001446
36	+	16	0.001501	0.096564	0.000226
37	+	16	0.000652	0.100066	0.000102
38	+	16	0.002248	0.118964	0.000417
1	-	17	-0.003696	0.099245	-0.000573
2	-	17	-0.024723	0.151556	-0.005848
3	+	17	0.019986	0.151576	0.004728
4	-	17	-0.017813	0.130424	-0.003626
5	-	17	-0.025235	0.102109	-0.004021
6	-	17	-0.043741	0.272084	-0.018574
7	+	17	0.006442	0.141965	0.001427
8	-	17	-0.053958	0.499226	-0.042041
9	-	17	-0.027190	0.165922	-0.007041
10	-	17	-0.098637	0.984541	-0.151562
11	+	17	0.012549	0.140591	0.002753
12	-	17	-0.050954	0.346697	-0.027570
13	-	17	-0.117516	0.999896	-0.183386
14	-	17	-0.005323	0.108997	-0.000905
15	-	17	-0.017925	0.132230	-0.003699
16	+	17	0.111181	0.551916	0.095768
17	+	17	0.121577	0.977026	0.185386
18	-	17	-0.023866	0.133115	-0.004958
19	+	17	0.001774	0.126638	0.000351
20	-	17	-0.002088	0.116382	-0.000379
21	-	17	-0.031165	0.220084	-0.010705
22	+	17	0.182159	1.000000	0.284294
23	-	17	-0.020970	0.162783	-0.005328
24	-	17	-0.086380	0.832060	-0.112172
25	-	17	-0.057996	0.652754	-0.059083
26	+	17	0.082714	0.986190	0.127308
27	-	17	-0.082802	0.996269	-0.128746
28	-	17	-0.052472	0.579436	-0.047451
29	-	17	-0.163771	1.000000	-0.255596
30	+	17	0.155140	1.000000	0.242125
31	-	17	-0.071920	0.895755	-0.100544
32	-	17	-0.137520	1.000000	-0.214626
33	+	17	0.051785	0.481286	0.038898
34	-	17	-0.021723	0.177784	-0.006027
35	+	17	0.211267	1.000000	0.329723
36	+	17	0.372088	1.000000	0.580714
37	-	17	-0.044844	0.346063	-0.024220
38	+	17	0.056798	0.670722	0.059456
1	+	18	0.114039	0.729233	0.129789
2	+	18	0.017204	0.098884	0.002655
3	-	18	-0.004503	0.079593	-0.000559
4	+	18	0.089392	0.405229	0.056535
5	+	18	0.044798	0.144221	0.010083
6	+	18	0.098222	0.547833	0.083980
7	+	18	0.014155	0.080819	0.001785
8	+	18	0.014168	0.074460	0.001646
9	+	18	0.044593	0.077635	0.005403
10	+	18	0.009740	0.121500	0.001847
11	-	18	-0.002865	0.092567	-0.000414
12	+	18	0.059975	0.159827	0.014960
13	+	18	0.043134	0.131994	0.008886
14	+	18	0.112073	0.430274	0.075260
15	+	18	0.016493	0.073699	0.001897
16	+	18	0.009104	0.406559	0.005777
17	-	18	-0.004735	0.082650	-0.000611
18	+	18	0.523081	1.000000	0.816367
19	+	18	0.016672	0.074240	0.001932
20	+	18	0.059484	0.003654	0.000339
21	-	18	-0.012011	0.207113	-0.003882
22	-	18	-0.075643	0.909340	-0.107352
23	+	18	0.049168	0.030489	0.002340
24	+	18	0.101596	0.515874	0.081797
25	+	18	0.052382	0.028268	0.002311
26	-	18	-0.035227	0.773645	-0.042534
27	-	18	-0.002300	0.125795	-0.000452
28	+	18	0.021589	0.041196	0.001388
29	-	18	-0.141898	1.000000	-0.221458
30	-	18	-0.061994	0.934918	-0.090456
31	+	18	0.034225	0.043391	0.002318
32	+	18	0.052864	0.037226	0.003071
33	+	18	0.078142	0.000367	0.000045
34	-	18	-0.013072	0.278710	-0.005686
35	-	18	-0.073195	0.894504	-0.102184
36	-	18	-0.037118	0.370048	-0.021437
37	+	18	0.107884	0.031338	0.005276
38	-	18	-0.016798	0.345378	-0.009055
1	+	19	0.075927	0.004554	0.000540
2	+	19	0.046733	0.067936	0.004955
3	+	19	0.066538	0.140248	0.014564
4	-	19	-0.001807	0.104522	-0.000295
5	+	19	0.005192	0.058169	0.000471
6	+	19	0.024197	0.076911	0.002904
7	+	19	0.293490	0.000000	0.000000
8	+	19	0.010160	0.064062	0.001016
9	+	19	0.034614	0.034881	0.001884
10	+	19	0.025844	0.067335	0.002716
11	+	19	0.002482	0.063395	0.000246
12	+	19	0.011311	0.084354	0.001489
13	+	19	0.103183	0.011606	0.001869
14	+	19	0.257844	0.000000	0.000000
15	+	19	0.254355	0.000000	0.000000
16	+	19	0.546655	0.986093	0.841294
17	+	19	0.064317	0.134457	0.013497
18	-	19	-0.002174	0.108426	-0.000368
19	+	19	0.432249	0.937520	0.632458
20	+	19	0.095769	0.000000	0.000000
21	+	19	0.067782	0.000318	0.000034
22	+	19	0.134754	0.000328	0.000069
23	-	19	-0.020404	0.361519	-0.011512
24	-	19	-0.028526	0.287482	-0.012799
25	+	19	0.029775	0.014482	0.000673
26	+	19	0.141136	0.000000	0.000000
27	-	19	-0.002789	0.143255	-0.000624
28	+	19	0.045786	0.000363	0.000026
29	+	19	0.053142	0.002606	0.000216
30	-	19	-0.024219	0.289984	-0.010961
31	+	19	0.006805	0.078027	0.000829
32	+	19	0.116567	0.000000	0.000000
33	+	19	0.146822	0.000000	0.000000
34	+	19	0.131771	0.000000	0.000000
35	+	19	0.069755	0.030118	0.003279
36	+	19	0.070488	0.002197	0.000242
37	-	19	-0.091959	0.999170	-0.143401
38	+	19	0.166307	0.000000	0.000000
1	+	20	0.190984	0.000002	0.000001
2	+	20	0.024968	0.054287	0.002115
3	+	20	0.016034	0.099473	0.002489
4	-	20	-0.011993	0.158204	-0.002961
5	-	20	-0.165785	0.987569	-0.255522
6	-	20	-0.038150	0.401993	-0.023935
7	+	20	0.111626	0.000000	0.000000
8	-	20	-0.007283	0.145958	-0.001659
9	+	20	0.147743	0.000004	0.000001
10	-	20	-0.143725	1.000000	-0.224310
11	-	20	-0.110934	0.999642	-0.173071
12	-	20	-0.029070	0.270919	-0.012291
13	+	20	0.015131	0.065420	0.001545
14	-	20	-0.112358	1.000000	-0.175356
15	-	20	-0.000670	0.114220	-0.000119
16	-	20	-0.078796	0.467117	-0.057444
17	-	20	-0.039181	0.185194	-0.011325
18	+	20	0.023090	0.037866	0.001365
19	+	20	0.049055	0.000048	0.000004
20	+	20	0.640742	1.000000	1.000000
21	+	20	0.199907	0.000000	0.000000
22	+	20	0.263920	0.010233	0.004215
23	+	20	0.087122	0.000000	0.000000
24	-	20	-0.086299	0.997843	-0.134396
25	+	20	0.046338	0.000084	0.000006
26	+	20	0.227984	0.000000	0.000000
27	+	20	0.086090	0.000000	0.000000
28	+	20	0.478573	0.000000	0.000000
29	-	20	-0.023882	0.874365	-0.032590
30	-	20	-0.022506	0.769121	-0.027016
31	+	20	0.047707	0.000097	0.000007
32	+	20	0.215713	0.000000	0.000000
33	+	20	0.026769	0.000007	0.000000
34	+	20	0.089737	0.000000	0.000000
35	+	20	0.087439	0.005367	0.000732
36	-	20	-0.016924	0.306499	-0.008096
37	+	20	0.208112	0.000000	0.000000
38	+	20	0.140147	0.000000	0.000000
1	-	21	-0.000142	0.088756	-0.000020
2	+	21	0.011970	0.163157	0.003048
3	-	21	-0.006445	0.049738	-0.000500
4	+	21	0.013925	0.172695	0.003753
5	+	21	0.000820	0.046922	0.000060
6	+	21	0.010529	0.154804	0.002544
7	-	21	-0.038193	0.289145	-0.017235
8	-	21	-0.011687	0.112774	-0.002057
9	-	21	-0.005602	0.091422	-0.000799
10	+	21	0.000954	0.058897	0.000088
11	-	21	-0.002543	0.055362	-0.000220
12	+	21	0.011107	0.156288	0.002709
13	-	21	-0.016534	0.131159	-0.003385
14	-	21	-0.010880	0.109566	-0.001860
15	-	21	-0.001466	0.140707	-0.000322
16	-	21	-0.097892	0.556739	-0.085058
17	-	21	-0.012598	0.086216	-0.001695
18	-	21	-0.005812	0.122602	-0.001112
19	-	21	-0.002623	0.138192	-0.000566
20	+	21	0.016125	0.135934	0.003421
21	+	21	0.248745	1.000000	0.388215
22	-	21	-0.013126	0.107574	-0.002204
23	+	21	0.277432	1.000000	0.432986
24	+	21	0.021347	0.142075	0.004733
25	+	21	0.223340	1.000000	0.348565
26	-	21	-0.021084	0.205846	-0.006773
27	-	21	-0.025520	0.203774	-0.008116
28	-	21	-0.002549	0.111072	-0.000442
29	+	21	0.013411	0.107709	0.002254
30	-	21	-0.000207	0.089950	-0.000029
31	+	21	0.233368	1.000000	0.364216
32	-	21	-0.043760	0.501219	-0.034231
33	-	21	-0.023418	0.191194	-0.006988
34	+	21	0.074567	0.992054	0.115451
35	-	21	-0.015772	0.234077	-0.005762
36	-	21	-0.019834	0.143072	-0.004429
37	+	21	0.109893	0.999999	0.171509
38	+	21	0.066738	0.964333	0.100442
1	+	22	0.009149	0.140085	0.002000
2	-	22	-0.001987	0.105048	-0.000326
3	+	22	0.147754	0.999993	0.230597
4	-	22	-0.001537	0.103159	-0.000247
5	+	22	0.032105	0.191600	0.009600
6	-	22	-0.003441	0.108978	-0.000585
7	+	22	0.004459	0.110294	0.000768
8	+	22	0.002153	0.095996	0.000323
9	+	22	0.003121	0.107154	0.000522
10	+	22	0.034130	0.353870	0.018850
11	-	22	-0.004277	0.108633	-0.000725
12	+	22	0.002901	0.096190	0.000436
13	-	22	-0.001681	0.104571	-0.000274
14	+	22	0.004241	0.135025	0.000894
15	-	22	-0.004844	0.124469	-0.000941
16	+	22	0.178874	0.836918	0.233640
17	+	22	0.020333	0.154478	0.004902
18	+	22	0.002061	0.084600	0.000272
19	+	22	0.026346	0.258855	0.010644
20	+	22	0.055284	0.977584	0.084347
21	-	22	-0.019988	0.182805	-0.005703
22	+	22	0.441615	1.000000	0.689224
23	-	22	-0.017936	0.167309	-0.004683
24	+	22	0.147833	1.000000	0.230721
25	-	22	-0.025839	0.244825	-0.009873
26	+	22	0.004043	0.130949	0.000826
27	+	22	0.015641	0.145054	0.003541
28	+	22	0.020987	0.187519	0.006142
29	+	22	0.128963	1.000000	0.201272
30	-	22	-0.073866	0.992696	-0.114440
31	-	22	-0.002795	0.118586	-0.000517
32	-	22	-0.045568	0.675112	-0.048012
33	-	22	-0.063400	0.983707	-0.097336
34	-	22	-0.036979	0.482095	-0.027823
35	+	22	0.147124	1.000000	0.229614
36	+	22	0.085967	0.999799	0.134141
37	+	22	0.003569	0.108819	0.000606
38	+	22	0.062313	0.994946	0.096759
1	-	23	-0.007206	0.092779	-0.001043
2	+	23	0.012678	0.166075	0.003286
3	-	23	-0.003438	0.044641	-0.000239
4	+	23	0.013755	0.172280	0.003698
5	+	23	0.005869	0.053398	0.000489
6	+	23	0.011649	0.159682	0.002903
7	-	23	-0.020900	0.156177	-0.005094
8	-	23	-0.008263	0.102961	-0.001328
9	-	23	-0.000077	0.100106	-0.000012
10	+	23	0.003367	0.073949	0.000389
11	+	23	0.002469	0.058418	0.000225
12	+	23	0.012896	0.165027	0.003321
13	-	23	-0.009095	0.116667	-0.001656
14	-	23	-0.005117	0.088146	-0.000704
15	+	23	0.002024	0.114133	0.000361
16	+	23	0.019490	0.412739	0.012555
17	-	23	-0.007436	0.067906	-0.000788
18	-	23	-0.002296	0.125282	-0.000449
19	+	23	0.004027	0.121241	0.000762
20	-	23	-0.003955	0.111419	-0.000688
21	+	23	0.242225	1.000000	0.378038
22	-	23	-0.009235	0.100090	-0.001443
23	+	23	0.260542	1.000000	0.406626
24	+	23	0.032355	0.209670	0.010587
25	+	23	0.223795	1.000000	0.349275
26	-	23	-0.022548	0.208397	-0.007333
27	-	23	-0.022590	0.177827	-0.006270
28	+	23	0.040768	0.429000	0.027295
29	+	23	0.028560	0.196972	0.008780
30	+	23	0.012552	0.108118	0.002118
31	+	23	0.243944	1.000000	0.380721
32	-	23	-0.048112	0.627209	-0.047096
33	-	23	-0.009496	0.117303	-0.001739
34	+	23	0.029028	0.262042	0.011872
35	+	23	0.040502	0.451459	0.028537
36	-	23	-0.018427	0.132029	-0.003797
37	+	23	0.113736	1.000000	0.177507
38	+	23	0.035613	0.386747	0.021496
1	-	24	-0.060314	0.999960	-0.094128
2	-	24	-0.008188	0.131393	-0.001679
3	-	24	-0.009644	0.150914	-0.002272
4	-	24	-0.006178	0.120363	-0.001161
5	+	24	0.003290	0.153678	0.000789
6	-	24	-0.005441	0.119987	-0.001019
7	-	24	-0.020788	0.541072	-0.017554
8	-	24	-0.010520	0.219623	-0.003606
9	-	24	-0.062024	0.999966	-0.096798
10	-	24	-0.006865	0.085333	-0.000914
11	-	24	-0.048902	0.983825	-0.075086
12	-	24	-0.006801	0.117665	-0.001249
13	-	24	-0.012290	0.182808	-0.003506
14	-	24	-0.012182	0.207764	-0.003950
15	-	24	-0.007017	0.261824	-0.002867
16	-	24	-0.116472	0.754047	-0.137069
17	-	24	-0.001869	0.084748	-0.000247
18	-	24	-0.006704	0.133350	-0.001395
19	-	24	-0.023691	0.644048	-0.023813
20	+	24	0.004387	0.065932	0.000451
21	+	24	0.010027	0.047979	0.000751
22	+	24	0.134801	1.000000	0.210383
23	+	24	0.016334	0.026572	0.000677
24	+	24	0.479740	1.000000	0.748726
25	+	24	0.020401	0.017337	0.000552
26	+	24	0.029811	0.000053	0.000002
27	+	24	0.067181	0.000001	0.000000
28	+	24	0.004420	0.067076	0.000463
29	+	24	0.004298	0.073012	0.000490
30	-	24	-0.025079	0.938710	-0.036742
31	+	24	0.011407	0.043042	0.000766
32	+	24	0.054566	0.000163	0.000014
33	+	24	0.021308	0.002751	0.000091
34	+	24	0.078362	0.000000	0.000000
35	+	24	0.010466	0.153586	0.002509
36	+	24	0.040064	0.023720	0.001483
37	+	24	0.051682	0.000473	0.000038
38	+	24	0.024265	0.000245	0.000009
1	-	25	-0.031268	0.777346	-0.037934
2	+	25	0.038079	0.008533	0.000507
3	-	25	-0.005490	0.049257	-0.000422
4	+	25	0.054437	0.003054	0.000259
5	-	25	-0.001563	0.049961	-0.000122
6	+	25	0.072816	0.001197	0.000136
7	-	25	-0.051344	0.999148	-0.080065
8	-	25	-0.016769	0.404435	-0.010584
9	+	25	0.014775	0.021630	0.000499
10	-	25	-0.001616	0.068424	-0.000173
11	-	25	-0.002260	0.058651	-0.000207
12	+	25	0.061803	0.002457	0.000237
13	-	25	-0.037796	0.885375	-0.052226
14	-	25	-0.009638	0.211561	-0.003182
15	+	25	0.000981	0.091285	0.000140
16	-	25	-0.085632	0.549024	-0.073374
17	-	25	-0.013128	0.099639	-0.002041
18	+	25	0.016983	0.023830	0.000632
19	+	25	0.042467	0.000001	0.000000
20	+	25	0.009327	0.006740	0.000098
21	+	25	0.247909	0.000000	0.000000
22	+	25	0.000771	0.089770	0.000108
23	+	25	0.343213	0.998500	0.534846
24	+	25	0.040403	0.004060	0.000256
25	+	25	0.466356	1.000000	0.727837
26	+	25	0.025792	0.000000	0.000000
27	+	25	0.012005	0.002196	0.000041
28	+	25	0.105358	0.000000	0.000000
29	+	25	0.029038	0.001078	0.000049
30	+	25	0.010255	0.031421	0.000503
31	+	25	0.409620	1.000000	0.639289
32	-	25	-0.023277	0.971632	-0.035297
33	+	25	0.032938	0.000000	0.000000
34	+	25	0.053052	0.000000	0.000000
35	+	25	0.034610	0.009825	0.000531
36	-	25	-0.011572	0.288921	-0.005218
37	+	25	0.169373	0.000000	0.000000
38	+	25	0.094523	0.000000	0.000000
1	-	26	-0.009328	0.205695	-0.002994
2	-	26	-0.001340	0.112047	-0.000234
3	-	26	-0.016418	0.062184	-0.001593
4	-	26	-0.050358	0.329245	-0.025877
5	-	26	-0.007469	0.073072	-0.000852
6	-	26	-0.018267	0.149204	-0.004254
7	+	26	0.124365	0.000000	0.000000
8	-	26	-0.035551	0.314115	-0.017428
9	-	26	-0.039960	0.366503	-0.022857
10	-	26	-0.011462	0.077315	-0.001383
11	-	26	-0.022951	0.123386	-0.004420
12	-	26	-0.054218	0.355817	-0.030108
13	-	26	-0.041954	0.360869	-0.023629
14	-	26	-0.001896	0.163930	-0.000485
15	+	26	0.043868	0.002268	0.000155
16	-	26	-0.022759	0.410176	-0.014569
17	-	26	-0.015983	0.100405	-0.002504
18	-	26	-0.059222	0.518191	-0.047895
19	+	26	0.081046	0.000023	0.000003
20	+	26	0.317214	0.000000	0.000000
21	+	26	0.160679	0.000001	0.000000
22	+	26	0.002959	0.091458	0.000422
23	+	26	0.016022	0.042694	0.001068
24	+	26	0.165741	0.013170	0.003407
25	+	26	0.089977	0.000105	0.000015
26	+	26	0.530723	0.000000	0.000000
27	+	26	0.081934	0.000001	0.000000
28	+	26	0.130881	0.000000	0.000000
29	+	26	0.039154	0.013275	0.000811
30	+	26	0.126318	0.000034	0.000007
31	+	26	0.004563	0.093329	0.000665
32	+	26	0.270421	0.000000	0.000000
33	+	26	0.325456	0.000000	0.000000
34	+	26	0.298137	0.000000	0.000000
35	+	26	0.291186	0.985254	0.447749
36	+	26	0.111407	0.000596	0.000104
37	-	26	-0.012462	0.278802	-0.005423
38	+	26	0.374864	0.000000	0.000000
1	+	27	0.026268	0.056085	0.002299
2	-	27	-0.029681	0.176674	-0.008184
3	-	27	-0.023561	0.071176	-0.002617
4	-	27	-0.030408	0.177187	-0.008409
5	+	27	0.006084	0.083297	0.000791
6	-	27	-0.011812	0.135107	-0.002491
7	+	27	0.018354	0.048565	0.001391
8	+	27	0.056872	0.011351	0.001007
9	+	27	0.018418	0.074800	0.002150
10	-	27	-0.012680	0.127409	-0.002521
11	-	27	-0.131944	0.974861	-0.200746
12	-	27	-0.019487	0.140230	-0.004265
13	-	27	-0.013280	0.184627	-0.003827
14	-	27	-0.029796	0.213868	-0.009945
15	-	27	-0.012147	0.198517	-0.003764
16	-	27	-0.134016	0.492311	-0.102970
17	-	27	-0.273268	1.000000	-0.426487
18	-	27	-0.003389	0.126152	-0.000667
19	+	27	0.009656	0.078312	0.001180
20	+	27	0.343002	0.000000	0.000000
21	+	27	0.065274	0.003067	0.000312
22	-	27	-0.025850	0.221546	-0.008938
23	+	27	0.061012	0.004078	0.000388
24	+	27	0.227011	0.333119	0.118022
25	+	27	0.129569	0.000045	0.000009
26	+	27	0.219773	0.000000	0.000000
27	+	27	0.418735	0.000000	0.000000
28	+	27	0.310027	0.000000	0.000000
29	+	27	0.215357	0.000027	0.000009
30	-	27	-0.070005	0.972905	-0.106296
31	+	27	0.086135	0.000950	0.000128
32	+	27	0.295215	0.000000	0.000000
33	+	27	0.035292	0.005824	0.000321
34	+	27	0.155410	0.000000	0.000000
35	+	27	0.085466	0.055206	0.007364
36	-	27	-0.034136	0.634991	-0.033829
37	+	27	0.249594	0.000000	0.000000
38	+	27	0.198684	0.000000	0.000000
1	+	28	0.165648	0.000004	0.000001
2	-	28	-0.072087	0.870766	-0.097966
3	+	28	0.012022	0.093902	0.001762
4	+	28	0.033940	0.043667	0.002313
5	-	28	-0.140000	0.936692	-0.204664
6	-	28	-0.054768	0.659480	-0.056370
7	+	28	0.056482	0.000011	0.000001
8	+	28	0.027333	0.009648	0.000412
9	+	28	0.153621	0.000008	0.000002
10	-	28	-0.140571	1.000000	-0.219388
11	-	28	-0.116302	0.999961	-0.181504
12	+	28	0.019904	0.061526	0.001911
13	+	28	0.003377	0.100037	0.000527
14	-	28	-0.096850	0.999995	-0.151152
15	+	28	0.092661	0.000000	0.000000
16	-	28	-0.005738	0.406526	-0.003641
17	-	28	-0.029725	0.137277	-0.006368
18	+	28	0.018996	0.045571	0.001351
19	+	28	0.012807	0.027148	0.000543
20	+	28	0.553258	1.000000	0.863465
21	+	28	0.007769	0.048587	0.000589
22	+	28	0.222533	0.000992	0.000344
23	+	28	0.200720	0.000000	0.000000
24	-	28	-0.097860	0.999346	-0.152629
25	+	28	0.020925	0.006963	0.000227
26	+	28	0.151924	0.000000	0.000000
27	+	28	0.181990	0.000000	0.000000
28	+	28	0.516482	0.990302	0.798252
29	-	28	-0.027977	0.935672	-0.040855
30	-	28	-0.024675	0.844789	-0.032533
31	+	28	0.162235	0.000000	0.000000
32	+	28	0.171944	0.000000	0.000000
33	+	28	0.015866	0.000788	0.000020
34	+	28	0.201790	0.000000	0.000000
35	+	28	0.156298	0.022965	0.005602
36	-	28	-0.012272	0.224441	-0.004299
37	+	28	0.185396	0.000000	0.000000
38	+	28	0.102420	0.000000	0.000000
1	-	29	-0.141891	0.999859	-0.221417
2	-	29	-0.005823	0.110029	-0.001000
3	-	29	-0.001233	0.161004	-0.000310
4	-	29	-0.011137	0.107515	-0.001869
5	-	29	-0.118966	0.651694	-0.120999
6	-	29	-0.006676	0.110589	-0.001152
7	-	29	-0.025709	0.146058	-0.005860
8	-	29	-0.013964	0.118318	-0.002579
9	-	29	-0.177896	1.000000	-0.277641
10	+	29	0.014768	0.179526	0.004138
11	-	29	-0.025682	0.103653	-0.004155
12	-	29	-0.013805	0.105410	-0.002271
13	-	29	-0.027827	0.170028	-0.007384
14	-	29	-0.033901	0.179949	-0.009521
15	-	29	-0.025801	0.137091	-0.005520
16	-	29	-0.009857	0.407131	-0.006263
17	-	29	-0.219743	1.000000	-0.342951
18	-	29	-0.086358	0.715590	-0.096446
19	-	29	-0.027826	0.194632	-0.008452
20	-	29	-0.050198	0.475080	-0.037220
21	+	29	0.057327	0.408449	0.036544
22	+	29	0.341716	1.000000	0.533313
23	+	29	0.030907	0.174771	0.008430
24	-	29	-0.158762	0.999194	-0.247578
25	+	29	0.053593	0.357698	0.029919
26	+	29	0.060594	0.494878	0.046800
27	+	29	0.085894	0.866409	0.116146
28	-	29	-0.055637	0.610974	-0.053052
29	+	29	0.504202	1.000000	0.786903
30	-	29	-0.036640	0.179114	-0.010242
31	+	29	0.019342	0.137242	0.004143
32	+	29	0.154783	1.000000	0.241568
33	+	29	0.122314	0.998729	0.190652
34	+	29	0.032705	0.201372	0.010278
35	+	29	0.129243	0.987183	0.199123
36	-	29	-0.079377	0.838600	-0.103889
37	-	29	-0.064190	0.567815	-0.056884
38	+	29	0.140001	0.999981	0.218495
1	-	30	-0.064328	0.211516	-0.021235
2	-	30	-0.010661	0.106141	-0.001766
3	-	30	-0.013737	0.058657	-0.001258
4	-	30	-0.017213	0.109314	-0.002937
5	-	30	-0.143446	0.544201	-0.121833
6	-	30	-0.024930	0.118424	-0.004608
7	-	30	-0.058167	0.255406	-0.023186
8	-	30	-0.234838	1.000000	-0.366509
9	-	30	-0.130991	0.890598	-0.182070
10	-	30	-0.003561	0.064510	-0.000359
11	-	30	-0.032503	0.165811	-0.008411
12	-	30	-0.063270	0.222806	-0.022001
13	-	30	-0.049414	0.162600	-0.012540
14	-	30	-0.075364	0.306003	-0.035992
15	-	30	-0.058271	0.226727	-0.020619
16	+	30	0.056327	0.424374	0.037306
17	-	30	-0.005867	0.116313	-0.001065
18	-	30	-0.121655	0.777110	-0.147546
19	-	30	-0.058805	0.253723	-0.023286
20	-	30	-0.022854	0.141938	-0.005063
21	+	30	0.018805	0.130363	0.003826
22	-	30	-0.006011	0.101271	-0.000950
23	+	30	0.006866	0.122941	0.001317
24	-	30	-0.219592	0.999619	-0.342585
25	-	30	-0.004432	0.124193	-0.000859
26	+	30	0.230223	0.999999	0.359307
27	-	30	-0.073038	0.623470	-0.071069
28	-	30	-0.058729	0.320872	-0.029410
29	+	30	0.029771	0.116811	0.005427
30	+	30	0.412229	1.000000	0.643362
31	-	30	-0.063264	0.295594	-0.029186
32	-	30	-0.066899	0.319293	-0.033337
33	+	30	0.261009	1.000000	0.407354
34	+	30	0.180697	0.998908	0.281705
35	+	30	0.456255	1.000000	0.712073
36	+	30	0.224327	0.999998	0.350105
37	-	30	-0.088895	0.604436	-0.083858
38	+	30	0.219163	0.999994	0.342044
1	-	31	-0.018132	0.165049	-0.004671
2	+	31	0.008971	0.147923	0.002071
3	+	31	0.004556	0.068518	0.000487
4	+	31	0.010957	0.158535	0.002711
5	-	31	-0.013046	0.068201	-0.001389
6	+	31	0.015694	0.185815	0.004551
7	-	31	-0.001070	0.135039	-0.000225
8	-	31	-0.000582	0.094434	-0.000086
9	+	31	0.001236	0.094356	0.000182
10	-	31	-0.000274	0.058433	-0.000025
11	-	31	-0.005149	0.066354	-0.000533
12	+	31	0.020357	0.220606	0.007009
13	-	31	-0.018580	0.160527	-0.004655
14	-	31	-0.011195	0.113733	-0.001987
15	-	31	-0.003758	0.121164	-0.000711
16	+	31	0.027488	0.422456	0.018123
17	-	31	-0.008748	0.078513	-0.001072
18	-	31	-0.003037	0.111184	-0.000527
19	-	31	-0.008850	0.112451	-0.001553
20	-	31	-0.061039	0.981287	-0.093481
21	+	31	0.171953	1.000000	0.268365
22	+	31	0.042382	0.406678	0.026900
23	+	31	0.199499	1.000000	0.311356
24	-	31	-0.034158	0.239433	-0.012764
25	+	31	0.250630	1.000000	0.391156
26	+	31	0.059836	0.961204	0.089763
27	+	31	0.028238	0.229573	0.010118
28	+	31	0.005564	0.117406	0.001019
29	+	31	0.005721	0.096137	0.000858
30	-	31	-0.010721	0.107792	-0.001804
31	+	31	0.319468	1.000000	0.498590
32	-	31	-0.057016	0.930795	-0.082826
33	-	31	-0.022288	0.195946	-0.006816
34	+	31	0.038703	0.482997	0.029175
35	+	31	0.074636	0.944239	0.109989
36	-	31	-0.020783	0.153611	-0.004983
37	+	31	0.079500	0.997258	0.123734
38	+	31	0.006766	0.129854	0.001371
1	+	32	0.012732	0.073150	0.001454
2	-	32	-0.156129	0.999620	-0.243576
3	-	32	-0.095944	0.719011	-0.107664
4	-	32	-0.178680	0.999983	-0.278859
5	+	32	0.011372	0.115333	0.002047
6	-	32	-0.235908	1.000000	-0.368180
7	+	32	0.059882	0.000179	0.000017
8	-	32	-0.009771	0.158190	-0.002412
9	+	32	0.012020	0.077342	0.001451
10	+	32	0.009551	0.118462	0.001766
11	-	32	-0.093774	0.909656	-0.133130
12	-	32	-0.252107	1.000000	-0.393461
13	+	32	0.079708	0.012502	0.001555
14	-	32	-0.020155	0.221409	-0.006965
15	+	32	0.099971	0.000000	0.000000
16	-	32	-0.139584	0.539144	-0.117451
17	-	32	-0.307756	1.000000	-0.480312
18	-	32	-0.017700	0.140977	-0.003894
19	+	32	0.003421	0.093247	0.000498
20	+	32	0.227964	0.000000	0.000000
21	+	32	0.032644	0.006798	0.000346
22	-	32	-0.109002	0.999766	-0.170079
23	+	32	0.031364	0.007193	0.000352
24	+	32	0.327686	0.999991	0.511412
25	+	32	0.034331	0.004185	0.000224
26	+	32	0.239422	0.000000	0.000000
27	+	32	0.134501	0.000000	0.000000
28	+	32	0.224605	0.000000	0.000000
29	+	32	0.350254	0.754968	0.412694
30	-	32	-0.036183	0.815869	-0.046072
31	+	32	0.030328	0.009672	0.000458
32	+	32	0.572475	1.000000	0.893456
33	+	32	0.095650	0.000000	0.000000
34	+	32	0.320232	0.000000	0.000000
35	+	32	0.078060	0.022328	0.002720
36	+	32	0.011881	0.079283	0.001470
37	+	32	0.060002	0.000300	0.000028
38	+	32	0.144937	0.000000	0.000000
1	-	33	-0.180327	0.999840	-0.281390
2	-	33	-0.002704	0.104692	-0.000442
3	-	33	-0.097084	0.369698	-0.056016
4	-	33	-0.036434	0.125465	-0.007134
5	-	33	-0.008708	0.062242	-0.000846
6	+	33	0.010559	0.131156	0.002161
7	-	33	-0.005485	0.158372	-0.001356
8	-	33	-0.043445	0.161163	-0.010927
9	-	33	-0.029371	0.119762	-0.005490
10	-	33	-0.001023	0.092182	-0.000147
11	-	33	-0.001907	0.097714	-0.000291
12	-	33	-0.038762	0.125998	-0.007622
13	-	33	-0.003697	0.076510	-0.000441
14	+	33	0.048095	0.320959	0.024092
15	-	33	-0.015620	0.138480	-0.003376
16	+	33	0.098982	0.455157	0.070312
17	-	33	-0.036422	0.106392	-0.006048
18	+	33	0.009716	0.152353	0.002310
19	-	33	-0.007402	0.155882	-0.001801
20	-	33	-0.149845	0.999141	-0.233661
21	+	33	0.068637	0.286030	0.030640
22	-	33	-0.204262	0.999915	-0.318763
23	-	33	-0.029201	0.144009	-0.006563
24	+	33	0.003585	0.118704	0.000664
25	+	33	0.210075	0.999995	0.327860
26	+	33	0.197260	0.999999	0.307862
27	-	33	-0.084266	0.575087	-0.075631
28	-	33	-0.015827	0.127032	-0.003138
29	+	33	0.126733	0.898376	0.177690
30	+	33	0.141328	0.970247	0.214007
31	-	33	-0.045423	0.174583	-0.012377
32	+	33	0.017772	0.109627	0.003041
33	+	33	0.514973	1.000000	0.803714
34	+	33	0.122659	0.947211	0.181326
35	+	33	0.303424	0.999998	0.473551
36	-	33	-0.084362	0.362586	-0.047739
37	+	33	0.326147	1.000000	0.509014
38	+	33	0.185281	0.999989	0.289163
1	-	34	-0.010476	0.150677	-0.002464
2	-	34	-0.047546	0.228230	-0.016936
3	-	34	-0.012893	0.056284	-0.001133
4	+	34	0.001189	0.105714	0.000196
5	+	34	0.005627	0.064775	0.000569
6	-	34	-0.028366	0.152168	-0.006737
7	+	34	0.053586	0.016568	0.001386
8	-	34	-0.053795	0.532828	-0.044735
9	-	34	-0.003303	0.141949	-0.000732
10	-	34	-0.005282	0.079278	-0.000654
11	-	34	-0.007394	0.095580	-0.001103
12	+	34	0.011989	0.111885	0.002093
13	-	34	-0.020622	0.189442	-0.006097
14	-	34	-0.012220	0.215257	-0.004105
15	+	34	0.096884	0.003430	0.000519
16	+	34	0.111109	0.475076	0.082382
17	-	34	-0.020882	0.081100	-0.002643
18	-	34	-0.051236	0.309747	-0.024768
19	+	34	0.049181	0.019005	0.001459
20	+	34	0.170041	0.000318	0.000084
21	-	34	-0.028978	0.339978	-0.015376
22	-	34	-0.015388	0.137639	-0.003305
23	+	34	0.094930	0.014916	0.002210
24	+	34	0.117068	0.148029	0.027046
25	+	34	0.008503	0.094892	0.001259
26	+	34	0.302379	0.000025	0.000012
27	-	34	-0.071553	0.994189	-0.111023
28	+	34	0.213837	0.002737	0.000913
29	+	34	0.076538	0.022583	0.002698
30	+	34	0.113774	0.025777	0.004577
31	+	34	0.196364	0.241939	0.074145
32	+	34	0.242752	0.833363	0.315729
33	+	34	0.249754	0.000019	0.000007
34	+	34	0.410849	1.000000	0.641208
35	+	34	0.388972	1.000000	0.607065
36	-	34	-0.032271	0.227574	-0.011462
37	-	34	-0.082775	0.981790	-0.126834
38	+	34	0.287115	0.000001	0.000000
1	-	35	-0.062104	1.000000	-0.096925
2	-	35	-0.068777	1.000000	-0.107340
3	-	35	-0.005073	0.103014	-0.000816
4	-	35	-0.067560	1.000000	-0.105440
5	-	35	-0.007360	0.143090	-0.001644
6	-	35	-0.068956	1.000000	-0.107619
7	-	35	-0.063367	1.000000	-0.098896
8	-	35	-0.057145	1.000000	-0.089186
9	-	35	-0.055931	1.000000	-0.087290
10	-	35	-0.008458	0.210723	-0.002782
11	-	35	-0.011635	0.338033	-0.006138
12	-	35	-0.061970	1.000000	-0.096716
13	-	35	-0.036180	0.999937	-0.056463
14	-	35	-0.050226	1.000000	-0.078387
15	-	35	-0.062344	1.000000	-0.097300
16	-	35	-0.066049	0.977817	-0.100795
17	-	35	-0.014620	0.487297	-0.011119
18	-	35	-0.049294	1.000000	-0.076932
19	-	35	-0.060583	1.000000	-0.094551
20	+	35	0.065667	1.000000	0.102486
21	+	35	0.073115	1.000000	0.114111
22	+	35	0.005834	0.136640	0.001244
23	+	35	0.072544	1.000000	0.113219
24	+	35	0.017836	0.879177	0.024473
25	+	35	0.073617	1.000000	0.114894
26	+	35	0.071155	1.000000	0.111051
27	+	35	0.060500	1.000000	0.094422
28	+	35	0.066130	1.000000	0.103208
29	+	35	0.014046	0.539585	0.011829
30	+	35	0.017268	0.802557	0.021629
31	+	35	0.070163	1.000000	0.109502
32	+	35	0.042250	1.000000	0.065939
33	+	35	0.053651	1.000000	0.083733
34	+	35	0.069846	1.000000	0.109009
35	+	35	0.108527	1.000000	0.169377
36	+	35	0.021023	0.969754	0.031818
37	+	35	0.053798	1.000000	0.083961
38	+	35	0.069353	1.000000	0.108239
1	-	36	-0.027741	0.142794	-0.006182
2	-	36	-0.064446	0.471666	-0.047440
3	-	36	-0.028805	0.170390	-0.007660
4	-	36	-0.053348	0.317697	-0.026451
5	-	36	-0.057492	0.218122	-0.019572
6	-	36	-0.095323	0.932790	-0.138771
7	-	36	-0.065989	0.481001	-0.049537
8	-	36	-0.121615	0.999925	-0.189789
9	-	36	-0.071867	0.715962	-0.080303
10	-	36	-0.209295	1.000000	-0.326645
11	-	36	-0.048828	0.263877	-0.020109
12	-	36	-0.108024	0.985687	-0.166179
13	-	36	-0.205048	1.000000	-0.320017
14	-	36	-0.047253	0.237185	-0.017492
15	-	36	-0.066130	0.532040	-0.054911
16	-	36	-0.005054	0.411071	-0.003242
17	-	36	-0.034991	0.266473	-0.014552
18	-	36	-0.057567	0.382314	-0.034349
19	-	36	-0.059967	0.388419	-0.036352
20	+	36	0.025028	0.167512	0.006543
21	+	36	0.013126	0.154557	0.003166
22	+	36	0.203655	1.000000	0.317842
23	+	36	0.018476	0.162540	0.004687
24	-	36	-0.060918	0.487837	-0.046381
25	+	36	0.004075	0.156692	0.000996
26	+	36	0.133149	0.999761	0.207754
27	+	36	0.001452	0.181157	0.000410
28	-	36	-0.003169	0.144016	-0.000712
29	-	36	-0.017567	0.282911	-0.007756
30	+	36	0.184333	1.000000	0.287687
31	-	36	-0.002791	0.160560	-0.000699
32	-	36	-0.002980	0.235240	-0.001094
33	+	36	0.088917	0.925097	0.128377
34	+	36	0.029783	0.251759	0.011702
35	+	36	0.406949	1.000000	0.635121
36	+	36	0.419647	1.000000	0.654939
37	-	36	-0.010401	0.136636	-0.002218
38	+	36	0.105101	0.989126	0.162247
1	+	37	0.010782	0.146117	0.002459
2	-	37	-0.011963	0.113215	-0.002114
3	-	37	-0.022442	0.098681	-0.003456
4	+	37	0.010473	0.129163	0.002111
5	+	37	0.017639	0.092529	0.002547
6	+	37	0.012093	0.134708	0.002542
7	-	37	-0.016712	0.122976	-0.003208
8	-	37	-0.002434	0.090145	-0.000342
9	+	37	0.001854	0.112374	0.000325
10	-	37	-0.040632	0.248438	-0.015754
11	-	37	-0.019513	0.110561	-0.003367
12	+	37	0.005829	0.115607	0.001052
13	+	37	0.004703	0.114077	0.000837
14	+	37	0.000868	0.157009	0.000213
15	-	37	-0.007405	0.107992	-0.001248
16	-	37	-0.008066	0.406054	-0.005112
17	-	37	-0.011983	0.078078	-0.001460
18	+	37	0.075631	0.789135	0.093146
19	-	37	-0.008671	0.109766	-0.001486
20	+	37	0.133972	1.000000	0.209089
21	+	37	0.014154	0.139905	0.003090
22	-	37	-0.071540	0.570957	-0.063748
23	+	37	0.109018	0.997828	0.169774
24	+	37	0.118294	0.982969	0.181476
25	+	37	0.117693	0.999617	0.183613
26	-	37	-0.011630	0.138897	-0.002521
27	+	37	0.012527	0.120655	0.002359
28	+	37	0.060660	0.592650	0.056107
29	-	37	-0.124902	0.999995	-0.194932
30	-	37	-0.051148	0.413457	-0.033005
31	+	37	0.077860	0.836892	0.101695
32	+	37	0.081229	0.945070	0.119810
33	+	37	0.145615	1.000000	0.227260
34	+	37	0.007997	0.129022	0.001610
35	+	37	0.029285	0.289599	0.013236
36	-	37	-0.020317	0.123972	-0.003931
37	+	37	0.485301	1.000000	0.757404
38	+	37	0.005977	0.127843	0.001192
1	-	38	-0.000580	0.128287	-0.000116
2	+	38	0.011457	0.112528	0.002012
3	+	38	0.014304	0.099598	0.002223
4	-	38	-0.014370	0.110608	-0.002481
5	-	38	-0.007198	0.057433	-0.000645
6	+	38	0.003200	0.105186	0.000525
7	+	38	0.079194	0.144543	0.017865
8	-	38	-0.007582	0.098792	-0.001169
9	-	38	-0.003011	0.111913	-0.000526
10	+	38	0.001105	0.086400	0.000149
11	-	38	-0.007036	0.065892	-0.000724
12	-	38	-0.003559	0.099754	-0.000554
13	-	38	-0.000281	0.139928	-0.000061
14	+	38	0.043862	0.127046	0.008697
15	+	38	0.062305	0.108020	0.010504
16	+	38	0.357144	0.859292	0.478962
17	+	38	0.017422	0.109141	0.002968
18	-	38	-0.024014	0.132932	-0.004982
19	+	38	0.137904	0.780321	0.167945
20	+	38	0.131782	0.599985	0.123400
21	+	38	0.088968	0.225103	0.031256
22	+	38	0.147884	0.965762	0.222900
23	-	38	-0.010373	0.144518	-0.002340
24	-	38	-0.014756	0.137814	-0.003174
25	+	38	0.046413	0.099584	0.007214
26	+	38	0.222676	0.999991	0.347525
27	+	38	0.012676	0.089617	0.001773
28	+	38	0.072601	0.082771	0.009379
29	+	38	0.069533	0.129269	0.014028
30	-	38	-0.018978	0.132381	-0.003921
31	+	38	0.020074	0.098171	0.003076
32	+	38	0.166518	0.998986	0.259619
33	+	38	0.235512	1.000000	0.367561
34	+	38	0.200018	0.998711	0.311763
35	+	38	0.439213	1.000000	0.685475
36	+	38	0.115468	0.719461	0.129654
37	-	38	-0.092537	0.940684	-0.135855
38	+	38	0.308476	1.000000	0.481435
