539,1041,49,1073,829,503,469,517,119,121,1157,1195,1011,633,1213,1409,1267,813,575,213,1145,391,873,771,741,145,113,463,447,775,969,687,193,1003,1333,819,937,557
491,681,1221,737,1237,663,543,223,195,691,743,709,1097,141,853,1410,1253,625,467,331,559,867,483,1285,833,255,167,431,527,593,429,1087,371,715,1393,857,839,639
315,787,1027,955,51,657,1389,561,355,257,545,949,931,351,1385,1411,143,63,1387,171,899,885,1047,105,801,1327,667,233,375,319,1085,939,465,1361,1405,99,183,1335
325,1113,1339,177,1231,655,571,303,461,697,909,607,1103,185,505,1412,1259,621,395,209,1151,1081,57,1281,843,283,191,651,637,791,419,1049,333,451,1379,815,785,475
357,1337,33,1155,1127,729,665,165,219,809,259,1353,401,693,1311,1413,373,1199,387,403,1303,151,929,953,827,377,21,529,585,581,1185,125,267,1247,1399,735,1219,645
361,1139,1217,699,1187,157,495,513,161,757,891,1053,893,205,831,1414,1291,677,253,173,1115,711,487,1225,117,163,251,519,509,595,795,1031,601,783,1375,755,923,497
1029,1325,1343,903,1351,1215,5,97,841,1057,39,707,67,11,15,1415,1125,1297,115,877,661,77,1183,779,669,959,1161,695,629,1141,1289,1121,1025,993,59,313,717,995
399,1271,1091,977,309,769,471,263,241,297,675,1323,281,453,1105,1416,671,965,393,215,1309,913,777,307,849,405,81,207,409,797,1279,439,583,1111,1401,435,1017,563
569,1165,127,597,1169,689,437,293,197,501,881,289,1177,291,957,1417,1283,1269,109,339,1101,345,739,1295,835,407,421,95,847,489,731,1001,89,1065,1365,811,1147,343
245,837,83,643,1391,985,1107,507,217,901,131,989,895,147,911,1418,887,65,1319,69,973,23,823,1367,1131,1137,239,75,925,311,1143,987,413,927,1403,613,235,1243
1163,1179,1067,1287,1397,1071,411,589,1317,87,91,1239,93,1,13,1419,861,1321,9,47,1277,37,1209,609,1329,1345,1341,247,765,1055,1233,935,579,915,789,41,369,919
221,845,1349,701,1245,135,425,189,415,1099,1191,441,1207,175,631,1420,1299,599,367,199,1037,1045,515,1261,479,225,181,493,889,967,155,983,473,445,1369,799,817,381
537,991,659,1021,1235,1119,761,203,883,153,269,385,1171,459,133,1421,1377,129,417,321,1061,499,1069,1129,1153,851,137,713,335,623,443,1175,591,237,1407,1315,55,553
879,363,71,521,673,139,535,897,305,25,1077,751,1293,481,397,1422,1095,1357,29,31,1347,1173,869,1355,1123,359,721,299,685,1205,1257,649,1181,1249,733,231,243,859
53,1275,1373,703,1203,749,107,201,227,941,605,1227,423,211,261,1423,1109,433,45,577,1009,961,389,615,653,573,603,611,1197,981,587,1043,997,971,617,427,1189,640
273,1211,627,767,979,619,159,549,123,337,933,1035,1089,807,327,1383,1039,1159,19,317,963,1135,329,249,793,341,275,705,1019,951,865,1063,1007,855,943,863,347,531
1223,1305,719,1079,805,1149,229,1015,781,187,79,1251,73,43,485,1424,179,1301,753,945,1313,61,1241,103,1005,825,547,279,727,523,1331,567,455,1013,1363,3,905,917
449,477,17,947,1359,85,747,975,725,27,265,803,551,1273,763,1425,1093,1255,565,287,871,111,1083,1265,349,555,723,745,149,635,999,295,1051,365,1395,1075,1059,773
169,1033,1381,1023,1263,525,101,383,277,759,457,1307,647,511,35,1426,1193,1371,7,285,1229,541,271,821,875,323,353,921,1117,1201,301,1133,1167,907,533,379,683,679
540,1042,50,1074,830,504,470,518,120,122,1158,1196,1012,634,1214,1427,1268,814,576,214,1146,392,874,772,742,146,114,464,448,776,970,688,194,1004,1334,820,938,558
492,682,1222,738,1238,664,544,224,196,692,744,710,1098,142,854,1428,1254,626,468,332,560,868,484,1286,834,256,168,432,528,594,430,1088,372,716,1394,858,840,641
316,788,1028,956,52,658,1390,562,356,258,546,950,932,352,1386,1429,144,64,1388,172,900,886,1048,106,802,1328,668,234,376,320,1086,940,466,1362,1406,100,184,1336
326,1114,1340,178,1232,656,572,304,462,698,910,608,1104,186,506,1430,1260,622,396,210,1152,1082,58,1282,844,284,192,652,638,792,420,1050,334,452,1380,816,786,476
358,1338,34,1156,1128,730,666,166,220,810,260,1354,402,694,1312,1431,374,1200,388,404,1304,152,930,954,828,378,22,530,586,582,1186,126,268,1248,1400,736,1220,646
362,1140,1218,700,1188,158,496,514,162,758,892,1054,894,206,832,1432,1292,678,254,174,1116,712,488,1226,118,164,252,520,510,596,796,1032,602,784,1376,756,924,498
1030,1326,1344,904,1352,1216,6,98,842,1058,40,708,68,12,16,1433,1126,1298,116,878,662,78,1184,780,670,960,1162,696,630,1142,1290,1122,1026,994,60,314,718,996
400,1272,1092,978,310,770,472,264,242,298,676,1324,282,454,1106,1434,672,966,394,216,1310,914,778,308,850,406,82,208,410,798,1280,440,584,1112,1402,436,1018,564
570,1166,128,598,1170,690,438,294,198,502,882,290,1178,292,958,1435,1284,1270,110,340,1102,346,740,1296,836,408,422,96,848,490,732,1002,90,1066,1366,812,1148,344
246,838,84,644,1392,986,1108,508,218,902,132,990,896,148,912,1436,888,66,1320,70,974,24,824,1368,1132,1138,240,76,926,312,1144,988,414,928,1404,614,236,1244
1164,1180,1068,1288,1398,1072,412,590,1318,88,92,1240,94,2,14,1437,862,1322,10,48,1278,38,1210,610,1330,1346,1342,248,766,1056,1234,936,580,916,790,42,370,920
222,846,1350,702,1246,136,426,190,416,1100,1192,442,1208,176,632,1438,1300,600,368,200,1038,1046,516,1262,480,226,182,494,890,968,156,984,474,446,1370,800,818,382
538,992,660,1022,1236,1120,762,204,884,154,270,386,1172,460,134,1439,1378,130,418,322,1062,500,1070,1130,1154,852,138,714,336,624,444,1176,592,238,1408,1316,56,554
880,364,72,522,674,140,536,898,306,26,1078,752,1294,482,398,1440,1096,1358,30,32,1348,1174,870,1356,1124,360,722,300,686,1206,1258,650,1182,1250,734,232,244,860
54,1276,1374,704,1204,750,108,202,228,942,606,1228,424,212,262,1441,1110,434,46,578,1010,962,390,616,654,574,604,612,1198,982,588,1044,998,972,618,428,1190,642
274,1212,628,768,980,620,160,550,124,338,934,1036,1090,808,328,1384,1040,1160,20,318,964,1136,330,250,794,342,276,706,1020,952,866,1064,1008,856,944,864,348,532
1224,1306,720,1080,806,1150,230,1016,782,188,80,1252,74,44,486,1442,180,1302,754,946,1314,62,1242,104,1006,826,548,280,728,524,1332,568,456,1014,1364,4,906,918
450,478,18,948,1360,86,748,976,726,28,266,804,552,1274,764,1443,1094,1256,566,288,872,112,1084,1266,350,556,724,746,150,636,1000,296,1052,366,1396,1076,1060,774
170,1034,1382,1024,1264,526,102,384,278,760,458,1308,648,512,36,1444,1194,1372,8,286,1230,542,272,822,876,324,354,922,1118,1202,302,1134,1168,908,534,380,684,680
