-31.5594664381499	5.80819389472978	-0.180403141817898	-43.8654758429962	43.4285056302999	25.8039111512946	2.25852319874009	-15.5611961384372	28.3308592340907	-14.5146265115835
18.5911478803304	-16.1789476294536	0.598779829882166	12.8165425179539	-7.43545938726122	-17.5911536662634	15.8945925899042	17.4554234114601	-25.800005193793	1.67863494087768
-13.2600053266785	7.93978688078971	0.350690168207926	-56.8438010041598	109.693690487314	-14.6753017250865	-68.1893976417789	-89.2381131228208	99.6647881020624	24.7565200310629
20.896845976265	-9.90524022047714	0.657945344047778	15.7824244121439	-15.8095574317295	-8.97407195819777	7.19186978160715	4.95894953682489	-11.6672585080924	-3.10279126629255
-6.04626025760068	8.99517130935013	0.212872898962808	-5.26144799808741	16.8425912355621	1.52079652707684	-34.8735107957764	-34.9925750852477	37.6772911423511	16.0458313080758
23.3307016563968	-6.38437933365032	0.578636709618931	16.0114801141665	-11.6553538082928	-28.9591120425453	19.0045647529334	21.976336646946	-30.7756671553968	-3.10002636672622
-5.73414616615526	4.20823602045205	0.0941235862783273	2.07153905115527	-16.601577996495	4.1266374819972	20.8888748280783	-15.0780846022651	22.0462802436563	-15.7335240191555
-10.031714631802	0.591371764988962	0.193407576554322	-22.2118544956971	43.0405861291644	-7.25804467345427	-10.2150067373601	-41.165937033578	51.1054522124508	-3.93831795876186
-19.2630318031926	23.7781121436242	-0.172834507707898	-33.4757299926862	25.2819124071751	18.0069529617549	0.479914709239331	-15.4533910991408	28.2035844599877	-27.4285726665381
24.4822206825704	-50.1526436701714	0.648688677491195	-8.83518728235526	84.1124535236735	-45.9171937189811	-40.6784774280039	-67.8711141107367	66.946570006883	37.6067326545023
-7.98548854156193	-27.4540224280748	-0.0409860348312247	19.5519913935472	-39.2153080655896	-0.745635189673049	53.4577933524201	32.8358505332829	-38.6089658181606	8.36290722206875
17.8956818297379	-23.617751376546	0.749258897065545	3.12973220832419	11.881232472746	-11.1474072908769	-1.13980251104792	1.79494987156566	-9.90426533616401	10.4096907463982
-31.4138281135814	2.81518154258427	-0.385674548602387	-1.79596549561037	17.2391598503759	-8.24562515501057	-7.69415791677781	-26.0327004982594	36.6344288954391	19.0104969707574
17.4240931753321	-36.7321542725178	0.0988403570755451	77.7914422114655	-119.946738247762	-4.93827753469091	83.7882159892093	93.9596436312917	-109.133463747215	-2.05415317622149
-28.5726150667715	-14.5433025930033	0.095684147619754	-13.9265148383803	19.6945315699884	15.3095847551859	-14.9942465288768	13.1177112252349	-13.2779425467388	37.4092058829324
-0.246052539567719	0.886739288647018	0.00217780498389309	0.648193971792374	-1.24295284500393	-0.598721576355311	0.890319318873475	-0.707430793428147	0.891669048356679	-0.508166022003648
-8.50590191205043	19.3852791669584	-0.193432413495164	-2.14740210324841	-31.1540038993117	17.6162583377598	21.0163548557288	14.0254577589971	-12.2536907716899	-17.1222059362474
3.74968574348191	-7.46079538162935	-0.0361207717720758	26.2529260455499	-55.2309216259156	1.51692180998284	59.3737458960515	57.4791042735798	-61.4199567339825	-24.3045252019333
0.307795851168388	-4.97814524973445	0.0660783538501494	-4.15427300607593	-0.0685976032766329	6.86268043143185	4.09484043334759	1.41137264822078	1.98469024253704	-5.16406340399671
-32.2061043812104	6.21243234359624	-0.148252948994271	-44.0564082713262	43.1166529653754	26.3222181069295	2.92917639061266	-13.9227145854887	28.212745285487	-15.512600575818
17.9445099372698	-15.7747091805875	0.630930022705794	12.6256100896237	-7.74731205218523	-17.0728467106287	16.5652457817771	19.0939049644086	-25.9181191423966	0.680660876643317
-13.9066432697391	8.34402532965609	0.382840361031552	-57.0347334324898	109.381837822389	-14.1569947694521	-67.5187444499058	-87.5996315698722	99.5466741534587	23.7585459668284
20.2502080332044	-9.50100177161075	0.690095536871405	15.5914919838141	-16.1214100966543	-8.45576500256304	7.86252297348003	6.5974310897736	-11.7853724566962	-4.10076533052698
-6.69289820066123	9.3994097582163	0.245023091786435	-5.45238042641745	16.5307385706378	2.03910348271144	-34.2028576039034	-33.3540935322989	37.5591771937472	15.0478572438414
22.6840637133363	-5.98014088478452	0.610786902442557	15.8205476858364	-11.9672064732168	-28.4408050869109	19.6752179448068	23.6148181998948	-30.8937811040007	-4.09800043096075
-6.38078410921574	4.61247446931866	0.126273779101955	1.88060662282526	-16.9134306614194	4.64494443763161	21.5595280199511	-13.4396030493167	21.9281662950528	-16.7314980833901
-10.6783525748626	0.995610213854945	0.225557769377949	-22.402786924027	42.7287334642399	-6.73973771781947	-9.54435354548714	-39.5274554806296	50.9873382638474	-4.93629202299636
-19.9096697462529	24.1823505924906	-0.140684314884272	-33.6666624210164	24.970059742251	18.5252599173897	1.15056790111181	-13.8149095461921	28.085470511384	-28.4265467307727
23.8355827395101	-49.7484052213048	0.680838870314822	-9.02611971068558	83.8006008587495	-45.3988867633465	-40.0078242361315	-66.2326325577882	66.8284560582794	36.6087585902678
-8.63212648462242	-27.0497839792083	-0.00883584200759829	19.3610589652173	-39.5271607305141	-0.227328234038791	54.1284465442933	34.4743320862316	-38.7270797667643	7.36493315783411
17.2490438866773	-23.2135129276794	0.781409089889172	2.93879977999418	11.5693798078215	-10.6291003352422	-0.469149319175349	3.4334314245141	-10.0223792847675	9.41171668216375
-32.0604660566421	3.21941999145061	-0.353524355778761	-1.98689792394024	16.9273071854514	-7.72731819937608	-7.0235047249049	-24.3942189453108	36.5163149468355	18.012522906523
16.7774552322716	-36.3279158236515	0.130990549899171	77.6005097831351	-120.258590912685	-4.41997057905654	84.4588691810822	95.5981251842401	-109.251577695819	-3.05212724045613
-29.2192530098321	-14.1390641441373	0.127834340443382	-14.1174472667104	19.382678905064	15.827891710821	-14.3235933370043	14.7561927781836	-13.3960564953427	36.4112318186981
-0.892690482628342	1.29097773751334	0.0343279978075202	0.457261543462361	-1.55480550992824	-0.0804146207209108	1.5609725107465	0.931050759520313	0.773555099753133	-1.50614008623808
-9.15253985511092	19.7895176158248	-0.161282220671538	-2.33833453157837	-31.4658565642362	18.1345652933946	21.6870080476014	15.6639393119456	-12.3718047202935	-18.1201800004819
3.10304780042151	-7.05655693276278	-0.00397057894844899	26.06199361722	-55.54277429084	2.03522876561711	60.0443990879243	59.1175858265284	-61.5380706825862	-25.3024992661679
-0.338842091892311	-4.57390680086809	0.098228546673775	-4.34520543440594	-0.380450268201019	7.38098738706644	4.7654936252204	3.04985420116954	1.86657629393316	-6.16203746823096
