995,1313,337,1343,351,1369,935,271,863,839,193,1275,553,311,155,187,871,983,757,945,1175,261,1203,319,1195,893,369,851,847,173,1149,541,377,135,235,617,921,731
1147,1091,523,1239,127,1221,209,811,1229,501,403,1267,441,325,287,569,503,1163,95,1007,679,371,1047,359,1017,591,607,927,505,689,1005,693,719,645,473,279,563,417
1037,1314,91,1344,895,1370,865,63,1157,793,251,1401,349,45,195,771,763,1251,93,1113,1139,395,1077,515,1121,889,381,1181,507,23,1109,765,335,581,621,217,1155,467
1273,1297,421,1237,433,1371,491,213,1257,779,83,1309,281,35,785,153,723,1311,61,855,885,519,665,547,681,675,939,879,277,781,625,725,663,537,769,867,673,677
1213,1315,389,1299,903,1372,901,223,1143,321,33,1402,527,255,493,105,315,1277,1011,1075,1215,529,1167,745,1197,603,109,953,231,145,1169,535,129,363,259,479,1141,825
1223,1279,355,1293,171,1283,227,989,1245,385,295,1287,225,465,587,463,239,1211,425,1129,1151,483,1145,107,1117,175,729,1081,495,447,1131,339,525,469,485,289,1119,373
1289,1316,57,1345,943,1373,43,1071,1399,149,27,1403,177,241,25,331,1015,1429,19,659,561,707,655,1019,683,877,991,697,875,711,633,913,1027,801,1083,497,755,709
1095,1317,415,1346,557,1374,1123,513,1115,229,437,1404,307,345,343,113,253,1430,965,797,1233,263,1235,405,1225,1097,273,829,423,449,1231,549,143,211,285,69,1193,685
1025,1318,347,1347,341,1303,1055,199,905,233,511,1405,929,267,191,73,967,919,819,1045,1165,203,1183,205,1201,959,391,971,411,299,1137,949,413,79,215,671,923,715
1153,1319,245,1348,317,1375,661,455,1219,599,131,1406,751,237,305,937,247,1271,49,861,1191,471,1217,87,1171,807,163,981,777,435,1161,735,521,623,803,21,1103,291
1290,1320,899,1349,977,1376,353,75,1263,151,539,1407,133,17,201,833,695,1431,31,999,743,71,827,85,891,1127,583,1069,713,1021,813,703,545,1003,1065,89,1033,749
1173,1243,357,1265,297,1249,487,399,1253,387,361,1059,327,257,303,393,593,1269,221,957,737,533,993,419,1013,559,383,975,509,667,789,429,551,457,585,567,963,629
1241,1321,379,1350,445,1377,1035,407,1305,15,161,1408,911,207,249,47,997,1432,103,869,1107,857,1207,41,1135,543,11,853,459,649,1073,883,727,795,531,375,1159,705
1285,1322,37,1351,111,1378,137,909,1281,219,843,1409,167,159,29,925,783,1433,81,1079,647,767,805,1043,835,1053,1099,1101,897,119,747,821,955,575,101,189,973,985
1295,1323,99,1352,117,1379,67,1061,1306,157,873,1410,121,1089,3,987,817,1434,183,915,635,759,799,907,849,969,125,845,837,1111,701,761,329,601,123,243,809,1051
1125,1324,615,1300,589,1380,367,5,1209,721,815,1411,787,53,775,9,323,1261,651,1205,961,571,951,269,1057,51,365,1179,265,947,1087,499,409,605,397,773,1185,165
1227,1325,595,1353,657,1381,565,631,1247,65,97,1412,55,275,717,699,401,1435,453,653,1067,115,1085,141,1063,1023,179,823,517,461,1031,451,637,979,1029,7,1049,933
1039,1326,333,1354,555,1382,741,283,887,475,313,1413,859,443,139,181,687,1009,431,1001,1187,293,1189,489,1199,691,301,841,481,309,1177,831,477,169,197,609,917,427
1255,1327,39,1355,1041,1383,439,1133,1258,185,59,1414,147,77,1,619,1105,1436,13,613,611,577,627,639,597,1093,573,739,941,791,579,641,881,643,931,753,733,669
996,1328,338,1356,352,1384,936,272,864,840,194,1276,554,312,156,188,872,984,758,946,1176,262,1204,320,1196,894,370,852,848,174,1150,542,378,136,236,618,922,732
1148,1092,524,1240,128,1222,210,812,1230,502,404,1268,442,326,288,570,504,1164,96,1008,680,372,1048,360,1018,592,608,928,506,690,1006,694,720,646,474,280,564,418
1038,1329,92,1357,896,1385,866,64,1158,794,252,1415,350,46,196,772,764,1252,94,1114,1140,396,1078,516,1122,890,382,1182,508,24,1110,766,336,582,622,218,1156,468
1274,1298,422,1238,434,1386,492,214,1259,780,84,1310,282,36,786,154,724,1312,62,856,886,520,666,548,682,676,940,880,278,782,626,726,664,538,770,868,674,678
1214,1330,390,1301,904,1387,902,224,1144,322,34,1416,528,256,494,106,316,1278,1012,1076,1216,530,1168,746,1198,604,110,954,232,146,1170,536,130,364,260,480,1142,826
1224,1280,356,1294,172,1284,228,990,1246,386,296,1288,226,466,588,464,240,1212,426,1130,1152,484,1146,108,1118,176,730,1082,496,448,1132,340,526,470,486,290,1120,374
1291,1331,58,1358,944,1388,44,1072,1400,150,28,1417,178,242,26,332,1016,1437,20,660,562,708,656,1020,684,878,992,698,876,712,634,914,1028,802,1084,498,756,710
1096,1332,416,1359,558,1389,1124,514,1116,230,438,1418,308,346,344,114,254,1438,966,798,1234,264,1236,406,1226,1098,274,830,424,450,1232,550,144,212,286,70,1194,686
1026,1333,348,1360,342,1304,1056,200,906,234,512,1419,930,268,192,74,968,920,820,1046,1166,204,1184,206,1202,960,392,972,412,300,1138,950,414,80,216,672,924,716
1154,1334,246,1361,318,1390,662,456,1220,600,132,1420,752,238,306,938,248,1272,50,862,1192,472,1218,88,1172,808,164,982,778,436,1162,736,522,624,804,22,1104,292
1292,1335,900,1362,978,1391,354,76,1264,152,540,1421,134,18,202,834,696,1439,32,1000,744,72,828,86,892,1128,584,1070,714,1022,814,704,546,1004,1066,90,1034,750
1174,1244,358,1266,298,1250,488,400,1254,388,362,1060,328,258,304,394,594,1270,222,958,738,534,994,420,1014,560,384,976,510,668,790,430,552,458,586,568,964,630
1242,1336,380,1363,446,1392,1036,408,1307,16,162,1422,912,208,250,48,998,1440,104,870,1108,858,1208,42,1136,544,12,854,460,650,1074,884,728,796,532,376,1160,706
1286,1337,38,1364,112,1393,138,910,1282,220,844,1423,168,160,30,926,784,1441,82,1080,648,768,806,1044,836,1054,1100,1102,898,120,748,822,956,576,102,190,974,986
1296,1338,100,1365,118,1394,68,1062,1308,158,874,1424,122,1090,4,988,818,1442,184,916,636,760,800,908,850,970,126,846,838,1112,702,762,330,602,124,244,810,1052
1126,1339,616,1302,590,1395,368,6,1210,722,816,1425,788,54,776,10,324,1262,652,1206,962,572,952,270,1058,52,366,1180,266,948,1088,500,410,606,398,774,1186,166
1228,1340,596,1366,658,1396,566,632,1248,66,98,1426,56,276,718,700,402,1443,454,654,1068,116,1086,142,1064,1024,180,824,518,462,1032,452,638,980,1030,8,1050,934
1040,1341,334,1367,556,1397,742,284,888,476,314,1427,860,444,140,182,688,1010,432,1002,1188,294,1190,490,1200,692,302,842,482,310,1178,832,478,170,198,610,918,428
1256,1342,40,1368,1042,1398,440,1134,1260,186,60,1428,148,78,2,620,1106,1444,14,614,612,578,628,640,598,1094,574,740,942,792,580,642,882,644,932,754,734,670
